5 0.68533 0.344522 0.184317 0.0740741
3 0.817419 0.481481 0.083912 0.0223765
0 0.190249 0.772762 0.206887 0.0763889
3 0.207465 0.466242 0.0908565 0.0289352
0 0.128906 0.525077 0.0951968 0.0740741
0 0.187934 0.604552 0.198206 0.0787037
3 0.31713 0.323881 0.109954 0.0327932
0 0.867477 0.67689 0.201968 0.0706019
5 0.672454 0.24402 0.189815 0.210262
0 0.862269 0.768711 0.219907 0.0922068
0 0.916377 0.597994 0.0949074 0.0748457
0 0.883102 0.853781 0.164352 0.0910494
0 0.611979 0.865548 0.149884 0.186343
0 0.387442 0.865355 0.134259 0.183642
