1 0.183642 0.567998 0.0493827 0.101852
1 0.188272 0.724682 0.0625 0.0697338
1 0.153164 0.609375 0.0609568 0.118634
3 0.579282 0.163339 0.597608 0.0535301
3 0.562886 0.507812 0.645062 0.0717593
3 0.569444 0.417969 0.660494 0.0946181
3 0.571373 0.376591 0.645833 0.0917245
3 0.565779 0.476273 0.657022 0.0821759
3 0.572724 0.330006 0.640818 0.0616319
5 0.135031 0.435764 0.104938 0.104167
3 0.570988 0.234954 0.631944 0.087963
3 0.552855 0.741753 0.645833 0.0639468
3 0.549576 0.622396 0.68017 0.166667
