3 0.581019 0.646123 0.186728 0.0324074
2 0.689815 0.300492 0.156636 0.0546875
2 0.758102 0.539207 0.12963 0.0604745
3 0.259066 0.327257 0.174769 0.0237269
3 0.250772 0.428675 0.155864 0.0269097
3 0.585455 0.589699 0.214892 0.0318287
3 0.25733 0.37066 0.175154 0.0306713
3 0.290702 0.650608 0.221065 0.0280671
2 0.405671 0.336227 0.101466 0.0700231
2 0.40027 0.405093 0.0929784 0.0625
3 0.658951 0.276331 0.377315 0.0543981
3 0.592785 0.537905 0.230324 0.0381944
2 0.692708 0.306279 0.0829475 0.0436921
2 0.774498 0.51765 0.124614 0.0341435
3 0.283758 0.266493 0.235725 0.0306713
2 0.783372 0.260995 0.103009 0.0520833
2 0.781057 0.361111 0.127701 0.0445602
2 0.43152 0.243345 0.0868056 0.052662
3 0.591628 0.494647 0.22338 0.0338542
2 0.739583 0.639323 0.109568 0.0570023
2 0.741512 0.560764 0.109568 0.0457176
1 0.0869985 0.82364 0.0891204 0.0679977
2 0.443673 0.628183 0.0933642 0.0630787
3 0.580054 0.438657 0.207948 0.0457176
2 0.737269 0.433594 0.118827 0.0772569
6 0.120949 0.169416 0.104552 0.10272
