3 0.780864 0.109086 0.125 0.0439815
1 0.0432099 0.0936053 0.0748457 0.0512153
1 0.0943287 0.147859 0.0736883 0.0486111
3 0.194637 0.0609086 0.103009 0.0211227
3 0.514853 0.909144 0.247299 0.0341435
1 0.816551 0.270255 0.143133 0.105324
3 0.816358 0.093316 0.197531 0.0390625
1 0.0258488 0.197193 0.0493827 0.0448495
3 0.47936 0.0452836 0.363812 0.0344329
3 0.684606 0.175492 0.536651 0.0604745
3 0.851659 0.936777 0.122299 0.0338542
3 0.523534 0.55787 0.790123 0.0792824
5 0.817708 0.268374 0.145448 0.103877
3 0.519483 0.638166 0.785108 0.0917245
3 0.516204 0.7568 0.794753 0.119502
3 0.512346 0.834635 0.758488 0.0760995
3 0.518904 0.407841 0.813272 0.190683
