3 0.5226900047496528 0.09897987745048617 0.9189344507974306 0.19795975490097234
3 0.13033558453743027 0.2957828087651855 0.15050914627652778 0.034998299528888666
3 0.28972680870187467 0.3816342514606024 0.4416459053945835 0.21640129029259186
3 0.5859108244694441 0.38534855447634375 0.13168641109416673 0.03023288708777754
3 0.7491907680486802 0.4381140950982422 0.4024002610179167 0.1381204654103696
3 0.13312935695451344 0.5107243035813892 0.15824891109416667 0.03255680471268487
3 0.4385345167175 0.020597589585139207 0.21471711664125018 0.041195179170278415
3 0.23618096856177034 0.5383524346368986 0.3165705573706945 0.06823860942536975
1 0.4081826019205203 0.5513719700750008 0.08390352773541672 0.05412015494824054
1 0.5104718005337496 0.5447618021672695 0.08975348423243049 0.03747945909527761
1 0.8540035949866661 0.5240625740802332 0.09135235182361115 0.03917866013203693
3 0.17348029359989534 0.5859396255888892 0.24731141109416668 0.040348763807962484
2 0.42413425703076335 0.5694678591890285 0.05556032218833344 0.042284536286573984
2 0.7733166394395828 0.5404776774733349 0.06671602773541671 0.052616443543888815
2 0.31703027184840227 0.5819568802070376 0.0633000870059723 0.03984304147037019
3 0.46332339038951337 0.5941069827516676 0.7728569249618751 0.10971781215907264
1 0.5489517658644786 0.5998696757299085 0.24440461664125 0.04945036173444386
3 0.143246626521805 0.6454998447689355 0.18488414627652777 0.03800572233759212
3 0.4334891136040272 0.6700051014133341 0.7250013064207639 0.13048008001953554
3 0.10003952754798547 0.7599915717246761 0.10683188145888893 0.03429567049962934
3 0.2810706687905201 0.7870346509422228 0.41399107123840284 0.10015157370444357
3 0.8333780511993396 0.7402733344478257 0.023947952697291795 0.09097631451462966
5 0.7057595846343394 0.8637094173885662 0.343423998100139 0.08306252705027717