3 0.13557142398066396 0.47421875 0.14751445042065603 0.915625
3 0.312830378211949 0.8625 0.022747674471643275 0.15
3 0.03277718032537578 0.2625 0.03308625253408278 0.315625
3 0.4118895260472085 0.70078125 0.18067030054229286 0.4375
3 0.4398498578220812 0.40390625 0.019513590162687854 0.13125
3 0.5060783249391815 0.2390625 0.10545213192438219 0.4
3 0.5284099264165508 0.8546875 0.01966812626704133 0.1578125
3 0.05950889373004296 0.56015625 0.029370379193907635 0.2140625
3 0.5645241675377564 0.75078125 0.04246125253408284 0.315625
1 0.5916446828594586 0.578125 0.04735678903121965 0.0828125
1 0.5933930143397437 0.47578125 0.030205650467538092 0.0890625
1 0.6007681353422277 0.13203125 0.03177724082661779 0.090625
3 0.6070707367214012 0.8125 0.0201862767345796 0.246875
2 0.6110804840891226 0.56171875 0.03781816256778665 0.0546875
2 0.610611288834828 0.2125 0.04725679508134384 0.065625
2 0.6148281736860763 0.66875 0.034738614363184796 0.0625
3 0.6389736799325924 0.521875 0.0466781373853312 0.771875
1 0.6517549601832133 0.4359375 0.029543096016420377 0.24375
3 0.6642701583643742 0.84140625 0.022947662371394985 0.184375
3 0.7125748063960254 0.55 0.07139633625386299 0.7234375
3 0.7754440077004443 0.88203125 0.0256181444174139 0.10625
3 0.8173537308676687 0.7 0.06646235479701908 0.4125
3 0.815702788933024 0.14765625 0.08918976502711473 0.021875
5 0.9289300176593933 0.27265625 0.05511578863843632 0.3421875