3 0.8334939065430035 0.5358718901177218 0.20086341609450215 0.9172795013526356
3 0.6833760996308598 0.14555433076063204 0.03148743676633483 0.15025453866963626
3 0.9214888525655205 0.7487724267981758 0.051476169029162834 0.31598862667090905
3 0.573012691242155 0.3061094754137236 0.20616127390180986 0.4395726720241807
3 0.524300576808784 0.6026390300763602 0.027160882170542956 0.13146817600254543
3 0.4465494093207806 0.766700982733906 0.1287581647102261 0.4011999680139994
3 0.46725045188261316 0.15085780673136068 0.028863084514581416 0.15803067600254533
3 0.9155635317737161 0.4508252754614487 0.04184274830195704 0.21438976400381798
3 0.42387308683093333 0.2543367953930427 0.060851169029162835 0.3160977146721816
1 0.38468377159468325 0.4266657813892246 0.052181866131414 0.0833579400063634
1 0.37578153609265275 0.5289822593889065 0.035394884330011325 0.08940794533736351
1 0.34437803516980214 0.8726231713876338 0.03705751387966068 0.0909886266709087
3 0.3856407040420815 0.1921271493873157 0.034570468844592736 0.24709317600254535
2 0.3641011613233654 0.44284476471990664 0.04100453423772628 0.05512385200509069
2 0.34015970697674214 0.7920453333863613 0.051080441085271475 0.0661704400063634
2 0.36783503547434393 0.3357771520528158 0.03838018198597286 0.06289998933799978
3 0.33342285780730774 0.48236125071608865 0.09165149752676464 0.7723658960057271
1 0.3146344825765951 0.5681442093809523 0.043745209745294125 0.24407726400381796
3 0.3304618507105939 0.16255728071290695 0.033690286858619876 0.18462953866963622
3 0.26178768970099553 0.4533817280394527 0.11354748148763569 0.7242192973424542
3 0.22212771900147626 0.12064140603118038 0.031808809376153845 0.10654090133672711
3 0.16749387646733033 0.30217266935868065 0.09049670110742083 0.41324543467536323
3 0.13053558066629534 0.8544982380251351 0.09046431369509049 0.022911336012090545
5 0.03178631516242084 0.7281891820098632 0.06357263032484169 0.342805665340545