3 0.9533245479456539 0.79609375 0.035379761147864744 0.1484375
3 0.8555437037421821 0.4703125 0.046917830709818274 0.26875
3 0.7448415145020595 0.35078125 0.02482503737886681 0.0421875
3 0.7690534547505884 0.7640625 0.05615071907742113 0.2890625
3 0.7170832292168796 0.14375 0.03745571337743776 0.178125
3 0.6767313808260339 0.14765625 0.035489021791526555 0.15
3 0.6588383125245881 0.39453125 0.034614936642232766 0.1375
3 0.6355272266189896 0.16171875 0.03055014951546724 0.16875
3 0.6217807089379624 0.434375 0.0437492720436282 0.2234375
3 0.5955577904809599 0.17109375 0.03575110174504026 0.1984375
3 0.5491744633774378 0.178125 0.0345163836760257 0.203125
3 0.5274183397639962 0.58203125 0.1726819272590788 0.503125
3 0.3894334766189895 0.16171875 0.04930014951546742 0.16875
3 0.3884383312140215 0.415625 0.07325110174504035 0.1984375
5 0.247894366751303 0.69609375 0.07752297452530268 0.3265625
3 0.17176537537815234 0.11015625 0.024868596045057156 0.0875
3 0.13620456981405513 0.19375 0.054708915354909224 0.134375