3 0.7978801668012473 0.10234375 0.14887387662320534 0.025
3 0.47340804667086356 0.17734375 0.2692409237011061 0.028125
3 0.35566321347211083 0.2796875 0.04256932954530477 0.021875
3 0.7690262840889618 0.284375 0.28968979139585793 0.0359375
3 0.14886378855318877 0.29296875 0.17856137662320543 0.025
3 0.1534791505658976 0.33359375 0.15043637662320544 0.025
3 0.4009678051922802 0.36875 0.13793637662320551 0.025
3 0.16827803611755676 0.37578125 0.16907728246740406 0.01875
3 0.4415070304355139 0.40859375 0.2239284237011061 0.028125
3 0.1783621481302656 0.41640625 0.19881932954530476 0.021875
3 0.1862116042987758 0.46328125 0.2034795560063544 0.0203125
3 0.5909906075451867 0.51328125 0.5055250714276299 0.1375
3 0.17257361850223532 0.621875 0.16940456493480816 0.0375
3 0.42680715096963934 0.640625 0.19947389448011296 0.059375
5 0.7100714387120493 0.80078125 0.3275170738632621 0.0546875
3 0.12474759333843188 0.8359375 0.0878272824674041 0.01875
3 0.20906409212061589 0.87734375 0.13516593262955984 0.0453125