3 0.10708972064906268 0.20271537265277337 0.02845492116215289 0.14872840133672707
3 0.1896723634102088 0.5276239186425921 0.034380225683055786 0.269077264003818
3 0.2947982341355214 0.6459642912953655 0.02285692496187508 0.04244203866963616
3 0.28986650626826405 0.23262849729472906 0.042665504368403086 0.28948067067154526
3 0.31289818996694513 0.8528409999602291 0.029145905394583414 0.17841590133672725
3 0.35343227098899377 0.8484620352880476 0.02849128875333342 0.15029090133672723
3 0.3828424415824658 0.6011779552832751 0.028200348023889 0.13779090133672725
3 0.39529246266836876 0.8339086392823205 0.022677699847500142 0.16896817600254543
3 0.4217588180073616 0.5608705812778662 0.03332556553881964 0.22376476400381798
3 0.4356992571212855 0.8240609246101389 0.0264936840799308 0.19869203866963617
3 0.4824106029609728 0.8164842346037755 0.025040286853472437 0.20336135733609098
3 0.5230095806407989 0.4119961819303214 0.1492103643601393 0.5047249573519992
3 0.6413862126683687 0.831045079248913 0.041427699847500145 0.16918635200509052
3 0.6542264791015283 0.5769206532463677 0.06399368407993081 0.19912839067472685
5 0.8078547464846183 0.2945883165579596 0.06228832655673635 0.3271988466740906
3 0.8566488431773271 0.8801167365531871 0.020786585106111134 0.08771817600254508
3 0.8961094270491674 0.7960411812142327 0.04847648043270851 0.13646475867281788