3 0.89921875 0.5527270933613531 0.040625 0.5918070667721897
3 0.8953125 0.17292593309479629 0.025 0.0929149257059629
3 0.8703125 0.3026672573888334 0.021875 0.0990739974927175
3 0.8703125 0.7237610073888334 0.015625 0.014517141066226813
3 0.86875 0.1776217932822107 0.0203125 0.09746603338609487
3 0.8609375 0.6680194727490972 0.0296875 0.03211381802583091
3 0.86015625 0.770340490695786 0.0296875 0.03211381802583091
3 0.8546875 0.5154938663226065 0.046875 0.25448892319868044
3 0.85234375 0.8341756701626725 0.0109375 0.017505748746359018
3 0.81484375 0.46589703160372825 0.025 0.6851024257059629
3 0.7796875 0.8117490892047179 0.03125 0.06965928213245362
3 0.759375 0.7056893058186231 0.046875 0.08573892319868044
3 0.759375 0.590064305818623 0.04375 0.088772994985435
3 0.7578125 0.46814384171200035 0.046875 0.08573892319868044
3 0.75703125 0.21655860965868898 0.046875 0.18886392319868045
3 0.703125 0.5337400979802066 0.028125 0.2039433539192082
3 0.70078125 0.7586719018202726 0.028125 0.0695683539192082
3 0.70078125 0.1961719018202725 0.034375 0.15100021034569902
3 0.69375 0.34987356334047043 0.021875 0.0506364974927175
3 0.66328125 0.7591432632613281 0.015625 0.056704641066226816
3 0.66171875 0.5403477991547054 0.0140625 0.1941591769596041
3 0.6546875 0.16201821067490338 0.03125 0.08528428213245362
3 0.646875 0.34304089014179 0.0171875 0.05987510517284953
3 0.63046875 0.7636572670222519 0.01875 0.059920569279472244
3 0.62421875 0.5439441605957611 0.034375 0.18225021034569905
3 0.58984375 0.17497520025006214 0.034375 0.11350021034569897
3 0.58515625 0.34202630793019406 0.0171875 0.05987510517284953
3 0.58359375 0.7818245938235714 0.015625 0.019204641066226814
3 0.57421875 0.5096768091838353 0.0328125 0.19470474623907635
3 0.53671875 0.7562419206248909 0.0125 0.06442621285298138
3 0.53359375 0.5764634924116455 0.01875 0.10679556927947224
3 0.51953125 0.18152306545204147 0.04375 0.12471049498543504
3 0.5046875 0.338122406439126 0.0203125 0.06309103338609479
3 0.503125 0.7544831923325033 0.0125 0.07223871285298138
3 0.49375 0.5534291576927672 0.034375 0.15412521034569907
3 0.94765625 0.5111677306666561 0.046875 0.3935514231986804
3 0.4546875 0.5749488050272002 0.0203125 0.10059103338609479
3 0.44921875 0.7404146806540208 0.034375 0.18225021034569905
3 0.43046875 0.20393161137454863 0.0328125 0.18220474623907634
3 0.41484375 0.4792582203083218 0.03125 0.15090928213245364
3 0.40390625 0.22581497156196306 0.015625 0.22389214106622682
1 0.3671875 0.7099028150563301 0.028125 0.0930058539192082
5 0.3671875 0.3927153150563301 0.0375 0.2542161385589443
3 0.3609375 0.16831470862983933 0.015625 0.11920464106622682
3 0.36015625 0.6323544765765281 0.0125 0.03942621285298138
5 0.3375 0.39419524703049913 0.0375 0.1714036385589443
1 0.33515625 0.7331895508705651 0.028125 0.09769335391920819
3 0.33125 0.6346383906040083 0.0125 0.03786371285298138
3 0.3296875 0.1658429264973857 0.015625 0.10357964106622682
3 0.303125 0.6338200366848001 0.015625 0.039517141066226814
3 0.29921875 0.17198762641824344 0.015625 0.08795464106622682
1 0.275 0.7212829327655919 0.025 0.08510242570596294
5 0.27265625 0.3977772366056579 0.025 0.18978992570596293
3 0.2703125 0.16567779044572384 0.0140625 0.11290917695960409
3 0.2703125 0.6375527904457238 0.0125 0.04411371285298138
3 0.24140625 0.16796170447320424 0.01875 0.11773306927947216
3 0.24140625 0.6359304544732043 0.01875 0.044295569279472244
5 0.23671875 0.3600128121533362 0.015625 0.14420464106622682
3 0.2046875 0.6551745479675712 0.025 0.08510242570596276
3 0.915625 0.15164196648089115 0.015625 0.056704641066226816
3 0.15859375 0.17570835682220215 0.028125 0.15706835391920823
3 0.134375 0.7695349131695506 0.0296875 0.15555131802583091