3 0.5324323393778343 0.11303712822784766 0.592991136803468 0.0543719494662505
3 0.15297235253201386 0.10810605357097233 0.0936435841867496 0.02714568787965286
3 0.28489718671876346 0.13614274743454885 0.09971157366340586 0.02416615824437507
3 0.7059909367187635 0.14594381325770894 0.01497255261671846 0.015952308320624997
3 0.15998819198043535 0.1347958401401043 0.09805806840173403 0.022567290653194495
3 0.6510682182887946 0.15402776377079913 0.03297909997176518 0.030414851823611144
3 0.7534574709196304 0.15719109099312562 0.03297909997176518 0.030414851823611144
3 0.499088489335482 0.15673192363069485 0.2558551578501554 0.05276654977125021
3 0.8179749972279897 0.16649466223152848 0.017824536831702886 0.011337543502986148
3 0.4529716235081141 0.19544827830409758 0.6858310841867497 0.04092900493708389
3 0.8018942418957307 0.23867813354618123 0.07057010523343692 0.0328501740119445
3 0.6976085602974648 0.25653582114149365 0.08710515785015538 0.04883884992375007
3 0.5819835602974648 0.2538446193941324 0.09004814732681173 0.04578658510611113
3 0.46019956555913666 0.252570447282049 0.08710515785015538 0.04883884992375007
3 0.20868256818997252 0.24749651510197931 0.19023015785015546 0.05123911094166687
3 0.5305722497176514 0.30882175370281295 0.20476309471009327 0.03285278685347235
3 0.7557087576101591 0.3164024368328131 0.07038809471009344 0.0297251740119445
3 0.1932087576101591 0.30331010400781266 0.15200211575678066 0.03786628875333342
3 0.3475245312876824 0.3139235617390975 0.05127407366340586 0.023038762917777865
3 0.7594553838902834 0.35393880442399367 0.05716005261671846 0.01693423328250008
3 0.5407963891519554 0.3504098416587157 0.1945690473550467 0.018572081306389078
3 0.16308091282947865 0.34864013459302096 0.08619510523343701 0.03321384992375007
3 0.3447859391378379 0.36067127516996556 0.06037605787839038 0.018569468464861138
3 0.7668352443853923 0.38687859099312566 0.060467063140062116 0.02013196846486114
3 0.5476680154320797 0.3880189444322574 0.18325211575678074 0.03859364057694457
3 0.18170138118886037 0.4138293767092362 0.11450211575678067 0.03699346656500015
3 0.34916189697387595 0.42240820896555586 0.06037605787839038 0.018569468464861315
3 0.7890966522355478 0.4342081858828825 0.01966005261671846 0.016061411094166544
3 0.5177676838055788 0.43725522501746567 0.19566111049510865 0.037322081306389164
3 0.7676080600857033 0.480519488219584 0.06479054209337498 0.013991071238402953
3 0.5881025706090469 0.47946221523381993 0.1073420631400623 0.021222996200277854
3 0.1943903679640936 0.48434189846072934 0.12598564732681178 0.04662303970326391
3 0.35228616794997614 0.5028405913743753 0.06368306840173403 0.02176720364722229
3 0.768783423211648 0.5140950544239937 0.0726030420933748 0.01417290919430556
3 0.5685482047816791 0.5187968189572921 0.15512711575678076 0.03793902393569457
3 0.486642426266007 0.06359951947038235 0.39491765785015537 0.056003265386319764
3 0.5934795863234753 0.5583866490294103 0.10118306840173404 0.022640025835555733
3 0.7594231047393267 0.5677103636945493 0.18325211575678058 0.03859364057694457
3 0.224577667879389 0.5739862799196181 0.18316111049510883 0.037031140576944566
3 0.5012689704961074 0.5960301597629865 0.15182010523343692 0.03474128875333342
3 0.24878100732781042 0.6010761099917363 0.22434755261671846 0.020825565538819646
1 0.7360758809770989 0.6490869970532993 0.09382559471009326 0.03027068787965277
5 0.41888838097709885 0.6417043760436462 0.2553091262801244 0.04339154977125013
3 0.19503365202378625 0.6427356267092362 0.11966005261671846 0.018388936929722276
3 0.6591416546546223 0.6543180512898616 0.039790542093374806 0.013409189779513931
5 0.42296123094886406 0.671446427430417 0.17249662628012424 0.04146406743868063
1 0.7621602388413717 0.6816819447165978 0.09851309471009326 0.030379790653194405
3 0.6639502519955514 0.6832970364722227 0.038228042093374624 0.013372822188333444
3 0.19529125725722324 0.6739492591180557 0.1040350526167185 0.018025261017916704
3 0.6655883467056447 0.7114220364722227 0.03997255261671846 0.01653418977951393
3 0.20409710985982432 0.7045816632783681 0.08841005261671846 0.017661585106111134
1 0.7555076914157379 0.7416018053739242 0.0858310841867496 0.02696384992375016
5 0.43220669930824573 0.736417463999549 0.1905185841867496 0.02940047853284753
3 0.2003119572007535 0.7333606267092362 0.11331904735504664 0.016680966564999976
3 0.6721869572007535 0.7443436392457644 0.0444780420933748 0.013518292553055566
3 0.2051205545416827 0.7623396118915974 0.1182795631400622 0.02147756933854179
3 0.6730893045416828 0.7732317054501742 0.0448420631400623 0.019768292553055743
5 0.39758107032669826 0.7715003256068058 0.14466005261671847 0.0189708183886113
3 0.6955404281909712 0.8104232341355214 0.0858310841867496 0.02696384992375016
3 0.12991428413027983 0.08728440729444456 0.05716005261671846 0.016934233282500034
3 0.22010008341029072 0.845388501234271 0.15788809471009327 0.03176175911805572
3 0.8160419149662044 0.8834451196784731 0.1548540999717652 0.033251523935694395