3 0.8623979130859954 0.4846807136105791 0.08192552330413605 0.5925171397847523
3 0.8850419994957969 0.1051751501283437 0.03144637797604233 0.09335189371369372
3 0.850918735750042 0.23680829384203742 0.028758420550689577 0.099456344499482
3 0.8214729922832044 0.6579020438420373 0.016608345792955604 0.014790246071058633
3 0.858097087242981 0.11188106844914328 0.02708665990702741 0.09782106989237613
3 0.8159767451331958 0.6028699414846725 0.03187271287323483 0.03263271753501122
3 0.8080389229733523 0.7052500787882255 0.03187271287323483 0.03263271753501122
3 0.8203796578902152 0.450817289913096 0.06457522427320121 0.2553082382131757
3 0.7957467365832213 0.7696764518237548 0.01213936708027905 0.017696922249741044
3 0.783922987843729 0.4042355423942953 0.07285616192383984 0.6855393937136937
3 0.7245108749508239 0.7527479710541771 0.036057468321116205 0.07020549214211709
3 0.7115734683979908 0.6482252909465533 0.05277507475773362 0.08655823821317572
3 0.7196587560289593 0.5326002909465533 0.049868596045057244 0.089537688998964
3 0.7266185862345746 0.41079806555365916 0.05277507475773362 0.08655823821317572
3 0.743428299864114 0.1592719528572121 0.05998627723940828 0.18968323821317573
3 0.66723287855712 0.4805326768023642 0.04232888367602552 0.20443494292790554
3 0.6491555958698302 0.7056418387130229 0.03293246832111638 0.07005994292790554
3 0.6884894275880548 0.14314183871302294 0.04486402179152656 0.1516010413563289
3 0.6706960041873739 0.29737557444499935 0.025371340597175517 0.051018844499482
3 0.6115463352261685 0.7089509292835635 0.019558383171822413 0.056977746071058634
3 0.6252803253388114 0.4902737038906694 0.027610819814055176 0.19440497146395277
3 0.6446901511049512 0.11247618962264574 0.03715007475773362 0.08583049214211717
3 0.6242034164401901 0.294090062658175 0.02133940445914604 0.06017552067816449
3 0.5783514229733524 0.7159479460327866 0.02290190445914586 0.060248295285270356
3 0.5874525434078262 0.49670779446121005 0.04704923466476121 0.18285104135632899
3 0.5788084249901647 0.13034008581753884 0.04224176634364483 0.11410104135632886
3 0.5624300361183592 0.29774590963885644 0.02133940445914604 0.06017552067816449
3 0.5301106649275807 0.7376624342459623 0.016936127723940864 0.019477746071058632
3 0.5397470169247226 0.4662240818885975 0.046360819814055175 0.19527826674922294
3 0.48492920490433755 0.7156269224591381 0.016979686390131123 0.0646446968568469
3 0.49436917892543714 0.5360849716733498 0.02617972376899793 0.10712329528527036
3 0.5078949914500253 0.14220869313730242 0.05238159084927716 0.12547518899896398
3 0.48207054676202077 0.29993130190480805 0.024682925746469308 0.06344606989237622
3 0.45139008522616847 0.7164103265119139 0.01752598960843983 0.0724571968568469
3 0.45605507793670147 0.5160657241545491 0.04508254307885018 0.1547260413563288
3 0.913840080786693 0.4394559507902975 0.07429942155909544 0.3943707382131757
3 0.41540829860360623 0.5405413393321956 0.027305181194351037 0.10094606989237605
3 0.39835792037546236 0.706421050457066 0.04704923466476121 0.18285104135632882
3 0.41708432115143745 0.17135684574233628 0.045486734664761205 0.18277826674922298
3 0.3821748175451412 0.44786584181339484 0.041739021791526554 0.15145549214211726
3 0.3889375418183423 0.19525026406313586 0.031249272043628106 0.22416524607105853
1 0.3182933619613736 0.6821167173301236 0.03457137797604233 0.09349744292790554
5 0.34047327262470584 0.36492921733012357 0.05520022427320104 0.25487159057054054
3 0.34990217499016474 0.14100156575854694 0.0239288089182919 0.11947774607105859
3 0.31667051382262945 0.6051004530620998 0.015231516091543362 0.039644696856846906
5 0.3106218816592132 0.3686556848651348 0.04940941015912914 0.17205909057054053
1 0.2845685719846167 0.7078273467757936 0.03489915990702759 0.09818494292790554
3 0.28754574253530596 0.6095717832935582 0.01512225544788164 0.038082196856846905
3 0.3187614356338265 0.1408945579006641 0.022836202481674485 0.10385274607105854
3 0.259420742535306 0.6108817262214636 0.018356516091543363 0.03979024607105863
3 0.2878010127373487 0.14934491273922829 0.021743596045057156 0.08822774607105854
1 0.22512251616841797 0.7004729191493692 0.03090007475773371 0.08553939371369382
5 0.2453957194063971 0.3771445810600279 0.038220537883069915 0.19022689371369372
3 0.2592771749901647 0.14522249297068668 0.021929266343645004 0.11315497146395267
3 0.22628046060432078 0.6170974929706867 0.015559298022528622 0.0443321968568469
3 0.2301524037028413 0.14969382320214503 0.026944548274630088 0.11806079528527032
3 0.19742884092615165 0.6176625732021451 0.021809298022528577 0.044623295285270356
5 0.21202584453244788 0.3420996470234626 0.02567697921687966 0.14447774607105862
3 0.15928970255854907 0.6396852764691326 0.03090007475773371 0.08553939371369382
3 0.9068841485070612 0.08235408023596756 0.019558383171822413 0.056977746071058565
3 0.14662970951904003 0.16370712737875545 0.03905106436617349 0.15755994292790546
3 0.08083728460574983 0.7593663837888963 0.04050430372251177 0.1560702175350112