3 0.87751718610348 0.22063583778080434 0.023630206781644247 0.1730589917016303
3 0.8512265138537389 0.20774475147311447 0.022756911496373888 0.1543089917016302
3 0.8310168294028888 0.3922731168250985 0.015993181141081437 0.07594719336130425
3 0.8155801122821623 0.2112715705593649 0.035839108353220794 0.16775618506293447
1 0.821335768401853 0.4351351230488758 0.026536882960326837 0.16860829004195638
3 0.7901500425946739 0.5845780933798818 0.028356248137973238 0.20767079004195638
3 0.7577334948282044 0.5237347591467844 0.02380568114108108 0.0765391892121194
3 0.7314642473094036 0.5614473240838498 0.027153313067950435 0.1484141892121194
3 0.6401030008240604 0.6892036259486608 0.048223484284234355 0.0659335759347277
3 0.575543771297337 0.30596415084377016 0.42348465756743253 0.20024417926336432
3 0.5878469880037788 0.6369773525034441 0.05790681513486522 0.3406967775944015
3 0.5589642009906761 0.4347161128764062 0.019118181141081082 0.0761839917016303
3 0.5441376834128835 0.7013941273985533 0.02311647642635144 0.09517079004195636
3 0.5176821912707663 0.668249740675945 0.016536836641599172 0.054190592531467276
5 0.44522499441391955 0.6503033788484458 0.10256865177646439 0.3970185551888033
3 0.3064770558292403 0.44594499772491486 0.02417386228216234 0.15130239087179334
1 0.2851179402373091 0.5556509618321435 0.02936647642635144 0.09564438672260848
3 0.27167821670644177 0.3506674639067359 0.01864730024766903 0.09950309253146727
3 0.24954850558157124 0.3435411255244536 0.019952935070022625 0.060677390871793246
3 0.22967265322420644 0.3513769363123343 0.013377603390822123 0.08664789502097818
3 0.22935809180888564 0.5451977912913561 0.024131012820281583 0.050095088382282424
3 0.17569170615796256 0.8805540282191014 0.12136988585581085 0.0652483369323896