3 0.8640094673767553 0.23082997747490577 0.022628369581383367 0.1732420103675926
3 0.838673886350116 0.217636910368378 0.021864365627050474 0.15449201036759258
3 0.8021594303048861 0.4018266911883318 0.015556015817330859 0.07609360829407397
3 0.8024817183653384 0.22074278652291515 0.0348737015966055 0.16808561866166655
1 0.7886580044114433 0.44455143341263736 0.025562368592799877 0.16882791244111103
3 0.74416922228249 0.5935460080120356 0.027154043497659687 0.20789041244111103
3 0.7168692346397798 0.5323549383136097 0.02336851581733086 0.07677711347787035
3 0.6871207262368227 0.5697380696519431 0.026297197642272785 0.14865211347787036
3 0.5839572810660079 0.6963505048544896 0.04785917984777566 0.06646433006601846
3 0.5525533611412451 0.3125619737517119 0.42250103558899427 0.20511247577796218
3 0.535930957948034 0.6435385716781934 0.05593957117798851 0.34119092799249984
3 0.5245809169590133 0.44104855871870263 0.018681015817330858 0.0763670103675926
3 0.486286443613578 0.7074062905754157 0.022570019771663397 0.09539041244111104
3 0.4625597835374659 0.6739690739872677 0.016227177870609212 0.05435530933083328
5 0.39119411950702093 0.6551808262963419 0.1002917490485979 0.39800685598499985
3 0.2694331605332227 0.4493033902453235 0.02329953163466154 0.15150371140435173
1 0.23831847030532374 0.5586982226204162 0.028820019771663485 0.0959372165881481
3 0.242752596806789 0.353668970028518 0.01807352076024671 0.09966780933083327
3 0.22110043129346937 0.34628640551388845 0.0196068458553869 0.06087871140435182
3 0.20040592931630305 0.35388429203601807 0.012876684790691506 0.08675770622055552
3 0.18310438829010128 0.5475953358154626 0.023848676882026167 0.050351314514629666
3 0.09969373311972393 0.8821371396796757 0.1210420118629981 0.06663927879370349