3 0.06563354894180404 0.8528659367187634 0.02864890871793264 0.17278505261671845
3 0.09058600475066286 0.8653050235363491 0.027228118675976343 0.15403505261671846
3 0.13364095558514424 0.6802698708772782 0.018183160167825153 0.0757280420933748
3 0.12699710143131498 0.8611481445548016 0.04067531203728052 0.16726309471009343
1 0.1486748823497089 0.6372024103398171 0.03141871120744355 0.16827956314006212
3 0.19850005144060373 0.4870882892507774 0.03437869046151918 0.2073420631400623
3 0.22374758255949034 0.5474111392225425 0.02599566016782511 0.07618306840173403
3 0.25489176139864744 0.5092054839326358 0.03144202199532424 0.14805806840173402
3 0.36278953961774907 0.3797370627871263 0.050048466806521044 0.06513915258848364
3 0.38089354126813424 0.7621547206372818 0.4285305095477696 0.1945198996047118
3 0.40911916534269527 0.43108673116062557 0.06776172075521317 0.33995714206513983
3 0.4134361219767467 0.6330055469315237 0.021308160167825108 0.07591005261671846
3 0.4611445292447868 0.36584813901078095 0.025853950209781474 0.0948420631400622
3 0.4837765458415264 0.3985542231975306 0.01808807178554268 0.05394404735504663
5 0.5547043524802222 0.4152404652344357 0.11397479254075601 0.39553928413027994
3 0.6696511557949256 0.6173251519531991 0.028553820335650217 0.1510010578783902
1 0.704679196461582 0.5071534914016206 0.032103950209781476 0.09520608418674961
3 0.6930751551702258 0.7120685045558002 0.021521647720270563 0.09925654735504671
3 0.7145357580746552 0.718811328219206 0.021686668466194804 0.06037605787839038
3 0.7355586530956333 0.7106193966209401 0.01588695435896632 0.08648353157003115
3 0.7596743497809297 0.5166341781909711 0.025545374275053767 0.04971157366340577
3 0.855016618876469 0.18005891233536847 0.12301237012586874 0.06316639988706055