3 0.9348088170819512 0.8960007688574425 0.03146645280546352 0.19920150395433253
1 0.9209768545588799 0.8868658493897901 0.02748225478036197 0.08839133794672165
3 0.8589103323551133 0.23447567843926298 0.09875168722776025 0.32505834980971954
3 0.8288592057308992 0.8963589131162237 0.04663277297895938 0.09540534190105418
3 0.8001918761535632 0.4611708296181266 0.05748873226282818 0.1675350098858317
3 0.8112352074289422 0.6821372456257379 0.05588665946843889 0.1425350098858317
3 0.7772610117201924 0.1641366621276406 0.056808809376153846 0.10828734387822055
3 0.9875 0.44296875 0.021875 0.1921875
3 0.6743593638150622 0.5160427189339921 0.2288487137504637 0.8960658695813832
3 0.47812830659837663 0.3599970128887623 0.07202371066814486 0.5889006739162767
3 0.4276156832133653 0.9579304941056821 0.12165375693983034 0.0501511917107738
3 0.972433523283501 0.6684461132299545 0.03773743676633501 0.151146005931499
3 0.9415528516334446 0.22303811273566296 0.04292318938722843 0.28070617193911024
3 0.3263838502399434 0.9467927228511439 0.01852875693983034 0.045949169961944134
3 0.2862714736249547 0.3451665558549494 0.028683809376153845 0.10714133794672147
3 0.30769919724990946 0.6795415558549494 0.021693329734219446 0.07101283695813834
3 0.2528117242432636 0.15133830140632507 0.0498369185677376 0.1454053419010542
3 0.97109375 0.89609375 0.0546875 0.1984375
3 0.24046402760243774 0.5544659599995625 0.02748225478036197 0.08839133794672147
3 0.22372140885013003 0.3418386260071737 0.024257125230712617 0.08670150395433271
3 0.20742937307124434 0.1362425420147849 0.03172726866002255 0.17895267095052708
5 0.24616781924141962 0.8258634575281046 0.07042642812846153 0.32078734387822083
3 0.18526208127537894 0.22806528608328586 0.04258083281653842 0.37263900395433264
5 0.1895778577980825 0.7939476126613009 0.07177008019564476 0.24447951186299796
3 0.13404404688076918 0.535324687756441 0.03739508019564477 0.24307883794672147
1 0.13702335671834837 0.8128448512925944 0.054522023440384614 0.2671530079086654
1 0.09863867057032236 0.46920759783255317 0.03685725478036197 0.08877333992388792
5 0.09593967689184382 0.7067566773763178 0.06169656847545248 0.11160334486680376
3 0.907650616131414 0.11958019030226108 0.025158291177556434 0.10076400395433271
3 0.9407830050849038 0.6609227733060667 0.03879928901808825 0.14339717292769336