3 0.8545526052528489 0.12531674267332957 0.20087329528527037 0.019913565962191092
1 0.8453402710924494 0.13854799569839166 0.08851884449948173 0.02238406010845857
3 0.19283170120007304 0.15506981596219108 0.3255137303552929 0.07999761397040124
3 0.8542914319696507 0.23159401375056846 0.09564213978475208 0.041170421544777014
3 0.4190987946660978 0.2298435987468949 0.16780823821317573 0.04783857806243948
3 0.640046995451886 0.23425488455666077 0.14280823821317573 0.04769313231716561
3 0.1220418581483331 0.2320226805217675 0.10857878742738744 0.05061814441741399
3 0.40259630707209465 0.030474857822081182 0.19037244292790553 0.02922493344863375
3 0.8611172824649888 0.03470537821194898 0.13241439371369382 0.025763590162687887
3 0.4732147522763116 0.35988107757146015 0.8970677067816443 0.17704741431630247
3 0.3160806867271616 0.5457362434588965 0.5891010413563288 0.03779297501393621
3 0.9134950341221277 0.6382985317045493 0.0508433701400449 0.11901362041330898
3 0.6273030545908952 0.07163670988862575 0.15130994292790553 0.0289976744716433
3 0.18188139268023643 0.0713897075509347 0.28085189371369373 0.026627174275251565
3 0.9017698219638 0.7390388750886909 0.04604024607105863 0.015888620413308983
3 0.3001345473566941 0.7371015868430382 0.107268844499482 0.0224931444174139
3 0.6345095473566941 0.7390469236860764 0.0711130206781645 0.01759656615858276
3 0.10618334016076503 0.7570726774967055 0.14564213978475227 0.04146131303532492
3 0.85499140694826 0.08233890231424994 0.19934933664159935 0.05427038524403183
3 0.5090878622866715 0.7977083304983263 0.08851884449948208 0.02238406010845857
3 0.29644231307245983 0.7995970416634984 0.08681079528527036 0.019249969749379047
3 0.09082801385824808 0.8015266594445286 0.17907106989237614 0.021348800935076538
5 0.7804170527333776 0.8110088029781799 0.32107878742738727 0.05185443325224206
3 0.1844304842864889 0.8301925358097659 0.3688609685729778 0.02091350546094901
5 0.7481824414846726 0.8655235861556673 0.2448073858558109 0.057659005657340855
3 0.48933182630702615 0.9030907220870701 0.24320634449948209 0.023284005657340855
1 0.7667654675395205 0.9195525560032418 0.26737159057054055 0.03904536104353511
1 0.4230325841649091 0.933963472185266 0.08895549214211726 0.03175906010845857
5 0.6604769261831916 0.9533185019449075 0.11192211124870503 0.05532382513557295
3 0.07826408705588392 0.09813803903121973 0.1008732952852703 0.019331782981095547
3 0.6195975624487782 0.10285034845230727 0.14357021753501123 0.03051472267624522