3 0.8538509390550091 0.1905264395778117 0.20098264586155706 0.03507585697722049
1 0.8445611482364062 0.20310618791082174 0.08864642017181623 0.02901756242753404
3 0.19193411521971943 0.17023210697722052 0.3259693577564876 0.10439942607271427
3 0.8529701125061859 0.2971590768507153 0.0958790660333733 0.048277745458072195
3 0.4177729189286211 0.2624188333494972 0.1680816146538925 0.06039485030926075
3 0.6387028946183616 0.283591558054784 0.14308161465389252 0.05835411818710821
3 0.12069320104079673 0.2420913893989355 0.10887038896415206 0.058673111519148426
3 0.4024322812076645 0.06109557834852738 0.19053646879233543 0.04355803667377878
3 0.8609441440525346 0.10009275821426351 0.1325601944820761 0.035713843641300966
3 0.4711325350528517 0.3970168450184269 0.8980700870642728 0.24444853609405062
3 0.31290952001484634 0.5716187480431459 0.5893015174128544 0.08233220487058528
3 0.9098044521724505 0.709786364732442 0.05153592378986112 0.12244882697140155
3 0.6269066587518559 0.11943346320553501 0.1514739687923356 0.0403693927329154
3 0.18147132801916116 0.08542667227969243 0.28099769448207607 0.04783069061658183
3 0.8974914806665815 0.8099936588230866 0.04613137155129756 0.01932382697140156
3 0.2958470935114518 0.7624510421337906 0.1073964201718165 0.030548111519148335
3 0.6302220935114518 0.7897458342675812 0.07121325870642732 0.022927059093554192
3 0.10177286691720008 0.7677928910659254 0.14587906603337358 0.052359209702377285
3 0.8545403358210774 0.1474301438201772 0.19965916327441136 0.06919576546195146
3 0.5044541316165212 0.8391084922932702 0.08864642017181659 0.029017562427534217
3 0.2917903573062617 0.8248872692549734 0.08692014586155708 0.02576501666989941
3 0.08787629975217279 0.8112400021260319 0.17575259950434557 0.034852716370336975
5 0.775714977953048 0.8730202041216792 0.32137038896415204 0.076019334557445
3 0.18204071856722256 0.8469539747052867 0.36408143713444513 0.049105890317019174
5 0.7431614275235068 0.9252843347266231 0.24513543758467105 0.07601959243335302
3 0.48408299864526294 0.943365557595742 0.2433339201718166 0.041644592433353014
1 0.7609375 0.97421875 0.26875 0.0484375
1 0.4176015055426679 0.9693224086539087 0.08913774310259512 0.03839256242753386
5 0.65546875 0.9859375 0.1140625 0.025
3 0.0776945528043905 0.10441617515463038 0.10098264586155703 0.026912928488610266
3 0.6190189156492607 0.15017328017499687 0.14374335594746518 0.041294163944742744