2 0.5881914745643246 0.25312693406930825 0.09909247146395259 0.022097882730975727
2 0.39524414929526497 0.3198514037736252 0.14731164764263519 0.021364301217646365
2 0.6080759431327932 0.37697902225059743 0.18502997146395278 0.029112899400875136
2 0.14653912965055788 0.4185750436316026 0.10668664764263514 0.018048111519148334
3 0.421907310791639 0.474338436968492 0.7106681736929739 0.948676873936984
1 0.8188936267550737 0.47505050512165603 0.07559942927905432 0.2863518303053814
2 0.6370807005763913 0.4945970858860795 0.504075377997928 0.12831464244305124
2 0.3711667562007438 0.543751160441585 0.11613442224974105 0.02037588606495557
2 0.16440948800377875 0.5833709962069781 0.08161387303552932 0.014444879396995703
2 0.2812909270027427 0.6177463830208397 0.2784888730355293 0.030515644858947154
2 0.6071856470189534 0.6609394340693082 0.14106164764263518 0.020854118187108205
2 0.23976486062502325 0.7364165057498758 0.06620719685684691 0.017856921820650483
2 0.6707087996239872 0.7451551952791959 0.2224571968568469 0.030611497584104086
2 0.24456583064123388 0.8058202099922414 0.14418664764263517 0.021109209702377285
2 0.4245680078533736 0.882096312258356 0.3005821968568469 0.036988785465830884
1 0.8851074015670675 0.8695978595138026 0.04883991439185813 0.04601387272903636
2 0.6980993598009629 0.05358970648908358 0.1099571968568469 0.021428203034417483
2 0.17858738047912737 0.11324994378138384 0.06925942224974105 0.016549513335919565
2 0.41612376778268023 0.09464423862093448 0.1912799714639526 0.029623082431413296
2 0.30920598779889097 0.17316746453416923 0.08168664764263518 0.016007379396995834
2 0.5600600124059968 0.1542588704338263 0.35385274607105865 0.04445034122540501
2 0.3361880188161376 0.1968442095331994 0.522311647642635 0.051975283049934796
1 0.823670902190749 0.1735199560300416 0.06551799214211726 0.03647937606301595
2 0.6310660252262783 0.19708435709790675 0.2287071968568469 0.031121680614642155
2 0.4405865744404901 0.21576993952932008 0.11308219685684691 0.021683294549686493