2 0.5161753467951857 0.2872891134400276 0.0826552580585183 0.09011905771188111
2 0.4538708364275932 0.305042097830931 0.08861273213953709 0.05138393992586625
3 0.6944958364275932 0.29663928767197917 0.32421804147037037 0.07363099527549455
3 0.25042391621078774 0.34252228358044595 0.24845662384546294 0.04450400126594438
2 0.4915670345896304 0.3816120323145016 0.09882706220555537 0.09691469473518959
3 0.6482565319977323 0.3800346302302506 0.21800628916129589 0.14157740870767288
3 0.2527690832700472 0.46705849211063366 0.2757026290292591 0.05324408420556885
3 0.620552614090001 0.4830331446582209 0.22097546427907383 0.10429566351699648
2 0.47988865786944546 0.49729159601683237 0.11499886635259245 0.10371033175849824
2 0.4090006679542141 0.5597395215147284 0.10773317049962952 0.10968751324684405
3 0.648297613807177 0.557613993206942 0.37632734561740727 0.08168159745241291
3 0.21540720136606595 0.5914235750502582 0.23007706220555538 0.10149804573098145
2 0.4872829098956958 0.6442385178865313 0.13542894354388862 0.07015378729346118
2 0.3902322526383809 0.6585316855798788 0.11253824769092571 0.07558533175849824
3 0.21076963656861247 0.6889434157944312 0.22773402073518517 0.03910717313564334
3 0.63127762620102 0.6898362161650999 0.3801946393968517 0.07247028855940538
3 0.45102419820851997 0.7381894145284867 0.46578082488222206 0.053650855889933166
3 0.223085125918196 0.7796403376641299 0.23941381451462956 0.030168682754290188
2 0.43951120829328866 0.7985639193378101 0.12105337672018486 0.11949902286549072
3 0.6287008474073165 0.8083133976534457 0.3397254642790738 0.10844250489414158
1 0.04919396114476928 0.8320188371159757 0.09838792228953856 0.08514387023308564
6 0.11811643001875019 0.10102180826003523 0.16773288708777753 0.13670637023308557
1 0.7128431696511577 0.09583075582081375 0.15621033524981467 0.05841767912609299
2 0.4636346901035188 0.14892850708675812 0.11394492280870364 0.03824902286549077
3 0.25338140381694485 0.21079113394326568 0.22460902073518518 0.038998045730981534
2 0.5292603986331486 0.20894585863070417 0.09691324769092588 0.07503969473518968
3 0.721096584118519 0.22405495954167803 0.3085930414703702 0.07308535825218607
2 0.42877238308175974 0.23582087187754813 0.12382706220555537 0.09778771397248338
3 0.23888011493847278 0.2697122661572508 0.20484332488222218 0.0445387176006804