3 0.32213718735752844 0.4854857033736345 0.11596350972248004 0.6931147480108178
3 0.40300432779201856 0.3599413580521794 0.046084863183554425 0.2238374893379998
2 0.43302709972742887 0.5156646467218156 0.10236808344622812 0.07614542401336308
3 0.4609860826532586 0.7064987320575883 0.10859150723608924 0.19489542401336307
3 0.47081262550802644 0.342772586728179 0.04871189620024126 0.24416817067154514
3 0.5417636126177277 0.43026404340386043 0.08599281094499087 0.12123974801081765
3 0.6100034367917015 0.6894941400779511 0.155043783355371 0.2469670013526354
2 0.6039537533909021 0.5293651620782691 0.10138543758467104 0.05739542401336308
2 0.6344324694697041 0.4852157200827234 0.08666784034363299 0.04473179201145392
3 0.629252567276569 0.2969890140833598 0.12394426956056108 0.3090670120146357
3 0.7692179845077094 0.6733889767663591 0.09484326775153881 0.26032042934436317
2 0.7685584859780474 0.49692647410085905 0.16774077792830405 0.10189085868872638
3 0.7736233649925769 0.2807111281030862 0.09227818973237767 0.3305602040101814
3 0.834025276457966 0.28609860944458576 0.041957285164393454 0.2940590826702726
1 0.19175256727656897 0.2918982406906353 0.06460248982323469 0.16002952800763595
6 0.23130298394188253 0.867788578691908 0.08911116689245616 0.1509454293443632