3 0.6653821233800898 0.4984047545751406 0.043157079542009494 0.5035249893379998
3 0.6030321278443168 0.4905382579169584 0.08889013960555374 0.7071408853437268
2 0.519837798299012 0.513376868594867 0.04017280681713338 0.1535613520050907
2 0.504748181008002 0.21439447593095773 0.038364844966580235 0.13948067067154524
2 0.4501059508967997 0.5704268472708665 0.0697433043815014 0.23670111600890867
2 0.45402147808590276 0.21186036927118468 0.030061421265474307 0.11126476400381798
2 0.32384305438479666 0.2414944199554566 0.11075804220663672 0.1700045120146357
2 0.28099744075052996 0.5481807719605473 0.06569100405718978 0.18353975334181777
2 0.19443224391421535 0.2719006299729558 0.10036601298564349 0.20112724267981755
2 0.15458889935467218 0.5855818693109556 0.08328760714144487 0.20717724801081766
1 0.05084411079818814 0.3985460406588185 0.04558878408896187 0.2848477146721816
6 0.7324931258124265 0.09926727323364096 0.11004893019392785 0.12937951201463566
1 0.7180320162386449 0.7040002265675046 0.0748478157455871 0.17114884134309047