3 0.2895511039301147 0.4572479888981166 0.15351642491368683 0.7126582911775564
2 0.3761827304802535 0.6888205590716121 0.04967364896967039 0.28617733189368766
2 0.40542732551052046 0.302883059071612 0.07574108673189706 0.40446625693983024
2 0.4487969719813911 0.38717891348283373 0.035799480503475326 0.2262015545957919
2 0.5121202304802536 0.680109288252121 0.05402926224706199 0.26157785009228507
2 0.5442628373333751 0.40982706662975116 0.058905093780867016 0.20280362739018098
2 0.5887894742564762 0.663534255094129 0.033953560587388056 0.2634011659468438
2 0.6146354595338364 0.35322781076965504 0.042121258097877146 0.2685893136950906
5 0.5978657084849293 0.8207762561738633 0.12639932448483507 0.14959708667404997
2 0.678467280895172 0.6702267412144683 0.052917048139833514 0.28794009099298634
2 0.7024897344289457 0.39424523211516976 0.039516476354290474 0.2342143136950904
2 0.7427432684476173 0.6427840592284955 0.04560145560836624 0.27347707279438926
2 0.7760474788298684 0.2853522910298983 0.09702409088108191 0.39805557063492075
6 0.13992315392082588 0.8415705289959391 0.11018232863402008 0.14078329117755645
1 0.17008794106299713 0.6281693630490951 0.07469511452679152 0.16494268198597287
1 0.22518464107228592 0.24990466070505662 0.06702432448483515 0.14579216378737564