2 0.6167728469001832 0.3001924483388688 0.1314136264634332 0.03653588217054295
2 0.3218688921779188 0.3831293684477659 0.1923693071815924 0.04356593460686646
2 0.5819842355620606 0.37348904843115394 0.17525453005422928 0.05496450956072394
2 0.589360398326239 0.44798840068290724 0.21266362646343318 0.04174261875230769
3 0.7924444917103806 0.4420028092284955 0.15958407825883114 0.04615071406423077
2 0.2868939284786641 0.488457218540051 0.16110112646343316 0.03843834361388012
2 0.5812979134515495 0.49145779843115384 0.1595568071815924 0.04146321406423077
3 0.7695291664766115 0.48798593769841075 0.1627545300542291 0.05416347316352947
2 0.30897748585664814 0.5854428400701358 0.21420794574527396 0.038717748301957046
3 0.754907609393215 0.5849808536452545 0.24736587939029916 0.10019546884459274
2 0.5588002238545956 0.5998908621262444 0.13001475292686618 0.06456075262089378
2 0.5380604769778536 0.6746300462716855 0.14731133723582168 0.08441217766703613
3 0.7317786607210749 0.6676827321151697 0.21297269867214014 0.09486761875230769
3 0.5408445885123678 0.733023537172387 0.13144998789975162 0.04278588217054295
6 0.14451709358053344 0.12740670188261313 0.13970791549465286 0.11984902991878958
1 0.7021114249626226 0.12916045265780549 0.23800906010845857 0.1027196915466968
2 0.6618177021881815 0.20905750617386318 0.18453862646343316 0.039940286858619875