3 0.6399096238919457 0.6502872840944957 0.05235933119731406 0.34869203866963616
3 0.6318899467479175 0.46484922342454127 0.06421407370444357 0.412827264003818
2 0.5808565441087511 0.6191003714194505 0.05601201149888837 0.319077264003818
2 0.6074250633833339 0.28860434941913243 0.039879872102036626 0.2595749946689999
3 0.540032511828195 0.29016630207667826 0.05698945966092541 0.24104317067154524
3 0.4556419306308809 0.6379765460693605 0.14339443430759183 0.3544340560152719
2 0.3968424205461122 0.5770748613939972 0.0519109803961106 0.272202264003818
3 0.36451651903824156 0.42811010272117933 0.04851257832259206 0.2690409013367271
1 0.3689277828462041 0.1810351080521794 0.09351484561740726 0.06976815467854491
2 0.3154167632887974 0.5870760227164068 0.044548248256573685 0.22372840133672725
5 0.3402942263900928 0.11501011871417963 0.11691268086722192 0.12311133068109026
2 0.3001498056076395 0.2967595580442252 0.04292695966092541 0.24087953866963624
2 0.2550752941087512 0.6153095633752252 0.046071083506388354 0.27681703866963614
3 0.23357958586194533 0.4766374147039983 0.06681139340286953 0.44251476400381795
2 0.18010468840657526 0.6230397000318166 0.07632451149888828 0.3193136213399089
6 0.8476870613570835 0.14359348344999462 0.10318237153638847 0.10890338001272667
3 0.7543609775678713 0.49520998010817685 0.053551392837221636 0.29095226400381796
1 0.7270979741275013 0.7263781641072222 0.1081432736099071 0.11208292401336309
2 0.7418191872287968 0.25419408143694977 0.04493781046212888 0.3173874946689999