2 0.3161664934020841 0.38060947727512384 0.2891404124411111 0.023768331166862566
2 0.6382862097074083 0.4256905576345028 0.3046287114043519 0.02247856655636582
2 0.3000644568326861 0.5111600478919749 0.23968721658814812 0.029145577920451693
2 0.6192833485386121 0.5180689724071552 0.3176946393968517 0.06482970779006791
1 0.07718473996171414 0.6156777727281715 0.1349982995288886 0.1521273360381265
2 0.3043631031567605 0.667096402194046 0.30972631451462956 0.027247887173216866
2 0.2830650101312514 0.7322128875835493 0.2733787114043518 0.021933095777359135
5 0.07968644043282555 0.7654050373386679 0.13130737153638866 0.10993983603812651
3 0.49473595051759417 0.8182247053610265 0.40320291244111106 0.0257592995102371
1 0.08242187822727018 0.8589641225660156 0.08706935598499983 0.0857659504864671
2 0.27174821837805724 0.8704805008140741 0.28058561866166654 0.03297968993316047
1 0.6484672517899092 0.8888666676186168 0.3928901290292591 0.05054111119863478
6 0.1743869709234726 0.19119024147858338 0.14929595391148132 0.08373189204448091
1 0.7551099991515282 0.21381607468063138 0.10587814458064795 0.06893300649282175
2 0.2900031175303709 0.2695180186709817 0.24308561866166664 0.03232512499835236
2 0.6404036587179173 0.2766627224071551 0.35587814458064815 0.07329677272487611