3 0.5812564457732852 0.273507888960692 0.5933565160915434 0.06657130148601409
3 0.3512358100035726 0.32237784429459426 0.1407014096549261 0.029914440032421295
3 0.36222258648667616 0.3545717601341944 0.15174817029858775 0.03198636228216234
3 0.3679045039352723 0.3846766370986652 0.17184214901126432 0.029807432174538386
3 0.5192431288092216 0.41422708829873817 0.680965776735205 0.07220917948394216
1 0.09227643722331036 0.4621467814315314 0.047246340597175515 0.052037688998963993
3 0.5221771046719066 0.4724933525667618 0.6780264470337928 0.0969908556626244
2 0.46451243412121723 0.5732960272977022 0.3004370425746469 0.020222724564324678
2 0.5517010776845999 0.5848092619962213 0.1727490851492938 0.020505206781644247
2 0.20885801382262947 0.610121900952404 0.0494208457929556 0.016318512820281583
3 0.5168290509493947 0.6269261414418914 0.7012011391239072 0.27250027791236564
2 0.5889993458698302 0.7084436610865985 0.32565556386197037 0.024512118278018313
2 0.5706099787895511 0.7264316817647629 0.2484046490112643 0.03337338792272533
1 0.7758962284605749 0.04017519644707131 0.15190098960843984 0.07871581306795059
6 0.14284342784015638 0.09535738771783768 0.13980518119435104 0.10618584160399788
3 0.5236403237493275 0.18430414785203214 0.7157228250098351 0.1906338478047417
2 0.776945640209188 0.18107202419733032 0.1885926064366174 0.02435795285270288
2 0.6268692305542619 0.21142311187238674 0.08503056386197035 0.01330482878371626
2 0.3184011666922915 0.23513470947224063 0.2800916915859112 0.041078880064842595