2 0.613029942913646 0.1286491532287156 0.07649107123840278 0.06755568114108117
2 0.5702664403481947 0.40828530335255014 0.05294446846486114 0.06177656203449331
2 0.5717815742756256 0.7758002890845266 0.06998649810013902 0.05632708271265763
3 0.550126086243473 0.8534544081911143 0.6117739545971528 0.06439237137839023
2 0.5266476461796186 0.6175725661728316 0.06075696846486114 0.06214043507002245
2 0.502092442913646 0.1338161503332315 0.07979790919430556 0.0755137303552929
3 0.48089808187506994 0.5673028924753487 0.755242158813056 0.528390712982388
3 0.4648665062682641 0.21454176551087795 0.7603595378034029 0.21178540983923497
3 0.45563436379145844 0.08670786393930136 0.7342308360560418 0.09506879073264714
2 0.42177438896142394 0.41285514102760656 0.0670797036472223 0.0655565334984459
2 0.42982981040791735 0.7589488910276065 0.09255248233256949 0.08703342721213972
2 0.41139470773128484 0.1349120775453712 0.07681837955902786 0.08161818114108117
2 0.3860908088893059 0.3918363196874884 0.06729790919430556 0.0749315334984459
2 0.3631611487450698 0.3475426641869704 0.06602634992375007 0.08735875889134012
2 0.30764633909326455 0.7849741976854163 0.032377395326597204 0.049892992142117266
2 0.27171461189159735 0.14845665488134546 0.07656380642076392 0.07068068114108117
2 0.27306347881718784 0.3744198413991101 0.03931837955902786 0.07987159057054054
2 0.21963588639597278 0.6999143010762385 0.051491071238402776 0.06639128742738745
2 0.1999065742756257 0.7931206455757206 0.04829333605604171 0.06312073821317554
3 0.18464655660819518 0.8767336662538849 0.11915004350298615 0.022718370140044897
2 0.15421090814746588 0.7115645845746845 0.02358427678548618 0.07445634449948209
2 0.731707207731285 0.11999328308867045 0.1034899823325695 0.0875428494618807
2 0.735181619109792 0.3364723076957763 0.0983297036472223 0.06701202564056316
2 0.7318033523922921 0.3929406315170939 0.06998649810013902 0.05632708271265772
2 0.6319118019554517 0.3686555690683158 0.06402743882958326 0.06853598428423435
2 0.6315169841355214 0.6205091674967392 0.10011040919430556 0.07645980024766903