3 0.6025049228594206 0.5373512772114781 0.2269108654813481 0.7183928798517325
3 0.45692135588995875 0.525999571043543 0.15765068245080993 0.7097420769491748
3 0.3780467989224366 0.4652679129688422 0.06396561577121221 0.36370040145127885
3 0.22372608967910126 0.4841667019915838 0.04371753333979891 0.17291171034428618
2 0.19295341923557663 0.18928822241000381 0.020726830305381406 0.06304563702330857
2 0.8657064245264106 0.5379242292030618 0.05328423879011233 0.06106647477225664
2 0.8812986999903017 0.28932303809606924 0.05822683030538158 0.06435516587924912
2 0.820840850429947 0.6844346414541138 0.052742104851188645 0.07351191106992569
2 0.8053278075472503 0.7880953547936249 0.056122196366457544 0.07674603847458741
3 0.8010221711924306 0.5529018992586622 0.19432150608823165 0.7390674784004535
3 0.7104928949796335 0.5677605182258033 0.07381833214154927 0.5416617103442862