3 0.5141287030785414 0.35103677657850585 0.6564708183886113 0.16655762757429776
3 0.520085802717951 0.46461812694132554 0.6375740416031249 0.09251992684865833
1 0.3864368481207982 0.49591771224320286 0.20508754350298614 0.024335345005342113
3 0.6515890694354509 0.5255060416394483 0.4005091462765279 0.035843307796699087
3 0.5181219527942009 0.5489931269413255 0.6292160277354167 0.06880960833700414
3 0.5180121968102773 0.5873016587924911 0.6256546166412502 0.049950480932342244
3 0.5117251760087148 0.622266935834333 0.6197319249618751 0.06379472612301881
3 0.5152670968865272 0.6716493769413254 0.6357569684648612 0.08152786314632757
3 0.5101789001731591 0.7222942176854984 0.6216217332825 0.07791178982534977
3 0.5130123062333327 0.7685243769413256 0.6306330573706944 0.0626141720393349
3 0.5089963002494091 0.8066964995366639 0.6258364545971528 0.0577629809323426
1 0.756502613507118 0.11633442748163052 0.0690773083206249 0.016463302902557687
1 0.7912424897445826 0.9752754070632104 0.04287848423243048 0.03116071996293286
3 0.6355718644570485 0.1386955224021546 0.30981141109416654 0.029553613061509453
1 0.7749428357717013 0.1638914737607662 0.18521145459715277 0.04237601687504098
3 0.6523768515392707 0.18932300497895946 0.34106141109416654 0.030644887108126538
1 0.44358307978777756 0.1906325007177902 0.07587282218833344 0.04011905771188107
1 0.49403702146715267 0.206468321043543 0.05377961664124999 0.02998016587924912
3 0.37930172103031234 0.23139142077339053 0.3445500870059723 0.04637901451278825
1 0.6894579710303124 0.2422223156860654 0.2194422906531946 0.10445935462398896