1 0.15055591896120543 0.41441221878180673 0.05227233020561535 0.12340278366526398
2 0.5322483153745796 0.4674876665970393 0.03929100100840621 0.29440476442797026
3 0.304909919213307 0.4930605523544035 0.14182468321116337 0.6907738221398514
3 0.43129210275344654 0.5060466803920374 0.18135707677454604 0.6765674784004535
3 0.5261893395118948 0.5257267525318887 0.08531260325764975 0.6404811562606023
3 0.5873453607992183 0.5309797369227921 0.06691325645628794 0.332777783665264
3 0.6382358714428799 0.534315557248545 0.0447326178365838 0.2384821466419554
3 0.2391263820865417 0.5219370313030113 0.056270687398537335 0.3589037740466171
2 0.35188846204005547 0.5741939904661711 0.030506590849277072 0.12420139183263182
2 0.3142134994189223 0.614962834205569 0.019711202481674482 0.10356150961864685
2 0.28004059521187796 0.6277976509031247 0.018520043078850003 0.15339781851165418
2 0.33029695734847847 0.7558060890148923 0.021896415354909226 0.13481150961864685
3 0.8223094947273454 0.8150720278444503 0.030430181194351036 0.10081845553496294
5 0.6761443249329606 0.9315452213136954 0.11371257475773362 0.08813989546082937
1 0.1152857824351883 0.15521826805616734 0.027010250252101554 0.074201391832632
1 0.09901057241194519 0.17880953547936249 0.02922831411407194 0.08363095553496284
2 0.24437770273377607 0.18466520979613207 0.10423902179152655 0.15327382213985136
1 0.16696289691757732 0.1920932746795893 0.08894180372251181 0.15741568511654278
2 0.30072589172179726 0.23261412567538117 0.026660325009835263 0.15835813702330856
1 0.9773101710548924 0.27884189508231094 0.03263753737886681 0.04322421034428618
1 0.8187164210548925 0.273303679295729 0.06920845792955603 0.14269842068857255
3 0.07830994234221586 0.25056548439090337 0.03145708565349699 0.16008432813030113
2 0.16294702229572966 0.30184029691210784 0.057932468321116336 0.07060516587924912
2 0.3943662670999496 0.34577137930357826 0.02567697921687966 0.14429563702330855
1 0.16501190286966208 0.37594991950744616 0.0356204257464694 0.06359127404661713