2 0.639631647397399 0.0453976461796186 0.053200594710093266 0.029325130508958387
2 0.7627961316123834 0.05295818588288259 0.05770608418674961 0.02630923328250003
3 0.4727809924604281 0.38494784260864623 0.803396557737216 0.18409973631972285
2 0.2442549030825938 0.48054671086541684 0.16938557878390342 0.1755844943004167
3 0.45052031363417244 0.5119461004924309 0.7643046946818585 0.07552351690493105
2 0.6027730583725005 0.5170544406325353 0.1327354472421071 0.13572190729444458
2 0.750156292587485 0.5251786779990979 0.16444047355046632 0.14426175911805572
3 0.44044882166785443 0.6580034829012504 0.782582799774121 0.255392854860834
2 0.23588314803268345 0.7048745636389586 0.159646557737216 0.16911628875333343
2 0.45304055595342607 0.7373097764042364 0.15764444198043534 0.1347412887533334
3 0.41642124551478704 0.8287699245806254 0.759677378840373 0.13002917894902843
3 0.48330678171120545 0.15050010742628514 0.7958108418674957 0.26818379559027844
2 0.26862119738328155 0.021898409478646057 0.03150760523343692 0.03194098423243058