3 0.611310301331963 0.550561140606785 0.16187382516950227 0.752326090162688
3 0.4976470493547966 0.5592770895735127 0.10128915224180872 0.7222931565176625
2 0.48123548216832185 0.4826009600850175 0.06652956129215681 0.29094316256778663
3 0.456108148175933 0.48558051433974364 0.05188874113993247 0.3533431686179108
3 0.4255173813700191 0.5651089330558502 0.0867173162722537 0.7097113432859459
3 0.38109621931674054 0.5429703126425414 0.05564509391540149 0.44553066861791085
3 0.3314490463890471 0.5723760115110732 0.1132798162722537 0.7098658793902995
3 0.28759557011504333 0.4595942103796051 0.04006522037968576 0.2548602168225127
1 0.2716416703818734 0.7744197796614458 0.0826055474519924 0.22542724687674215
3 0.2577807361226545 0.4625464935570923 0.04456171939110263 0.2501999878997516
3 0.22256879490617237 0.5787754815550398 0.09076814631030983 0.6941136143631846
3 0.1770016269213948 0.5847618611417309 0.07814081231792103 0.6909158914905479
1 0.8663175004199294 0.7935082064707801 0.10215404349765969 0.206795421544777
3 0.8537127296596829 0.8918957094958422 0.015399506920082472 0.03289431323171641
2 0.7892443003433798 0.5562849415418614 0.033075074143738094 0.35167158430895534
2 0.7698416788220115 0.3420588150784283 0.0272123933073793 0.2844659035907962
3 0.7379828892786844 0.5294179145126943 0.21244682813525184 0.7666794816532357