3 0.6681555122331456 0.31416964353365123 0.2807472554478817 0.039118083916172
3 0.6499082567852639 0.35157873994285505 0.2353254948042199 0.03729196350286301
3 0.2672378684176614 0.3696731923274283 0.19565098960843982 0.07298402380771334
3 0.6826718442803463 0.43070770374030565 0.31927415990702757 0.09869307181592361
3 0.6698497801662744 0.5134792971244474 0.30055701089576325 0.07671807786604781
3 0.25336176667262106 0.5681106923274284 0.2096370799535138 0.049637427398509536
3 0.6513240192705111 0.5884020290722707 0.2577139470337929 0.06709763817089805
3 0.5437903886965787 0.6620253605525557 0.12465007475773363 0.08506586729005097
3 0.2700961625817922 0.6752828428931623 0.22261768119435105 0.1012544695529872
3 0.6489588539156019 0.722817935688129 0.3493879948042199 0.037955559715675234
1 0.12131481913462508 0.7799289153964569 0.10739687278026225 0.12869769262201594
3 0.26051943076702255 0.8010595477136226 0.19012225544788164 0.03859084308955403
3 0.651324747226883 0.8119304326630669 0.28874542574646933 0.06415444535249044
6 0.1720449727605918 0.1885772075509347 0.13111859604505716 0.08822722872636941
1 0.7185921908296067 0.1964463332288009 0.1316213405971755 0.050745409444528634
1 0.5221706588986214 0.19999299316430888 0.19055929802252863 0.04484084308955412
3 0.26812266124440987 0.28995842125018945 0.21799588317182242 0.05749537919390759