2 0.5324862588600675 0.3276538875129499 0.10770902372599611 0.11730312406898662
2 0.24210133939241518 0.3544348271310865 0.11507053756616062 0.1831464478903042
3 0.7298268324723329 0.3644688751069531 0.21504667984777584 0.0723973465663966
2 0.5306598206093349 0.4298884756022911 0.11644735376405232 0.1021147717116218
3 0.726738983156905 0.44025012510695305 0.24699701680591418 0.09104033870851377
2 0.5231590439175892 0.5565601375129499 0.10356535178688589 0.0921575748547749
2 0.5175855231573425 0.6550704121200558 0.1152668557412186 0.11141699710451594
2 0.2242228423209837 0.7357939890417452 0.11191636266130081 0.14401117328319835
1 0.44242240258737625 0.8347986075291605 0.48465884288963734 0.06779985359571014
6 0.18033746292813096 0.16704829714729713 0.11561968281352515 0.08180227171162172
1 0.7091972919776038 0.16269020533841147 0.14942167984777566 0.06934081306795062
2 0.518815031103189 0.22302204549466725 0.1069450197716634 0.09855312406898661
3 0.6987426116355366 0.22789782837394074 0.21874468281352524 0.08660539578060833