3 0.7010650369283357 0.4601912848578514 0.07615258603483124 0.6077139470337929
3 0.6416900369283357 0.4643431893169973 0.08267532142433467 0.6237759896084398
3 0.3556883072208751 0.43584575678526394 0.021259165583431282 0.14506112772394086
3 0.3116541148520826 0.2433740335204691 0.02487508928453739 0.17340464901126432
3 0.3085111185022353 0.6010608473824395 0.02544783360249454 0.2062171490112643
3 0.2724508875769588 0.5965425921866594 0.029971692368792446 0.19716993094224938
3 0.2660240150142384 0.27315972250849024 0.05091148376465036 0.23452781930985206
3 0.25429558238467853 0.2286120470141224 0.026110306817133288 0.15476390965492604
3 0.19769634942751182 0.6158496030824226 0.029952327109672792 0.1066541915859112
1 0.03250950040044652 0.7869701222760591 0.03242276217486462 0.06937271287323483
5 0.8088546229697574 0.09284025787054473 0.07680005357072232 0.10836951089576327
3 0.8012014046230874 0.46101110366350034 0.1544139537295827 0.6209894792168796
1 0.7310191383877377 0.6974509842374328 0.13205238960884902 0.23395937278026224