2 0.7609712371987563 0.3658911518937321 0.1233912683452644 0.08106928134945388
2 0.4109334398437096 0.38401717994113904 0.10362479991529536 0.090207924013363
3 0.5871851267036474 0.40070359858373106 0.23082433674699843 0.10261811203054413
2 0.8226760346949773 0.4994570825509598 0.19041216837349922 0.05218176002545327
3 0.586662939984884 0.5303092825827765 0.25087923151356134 0.0716226507001803
2 0.4312103295603622 0.6390768499363666 0.09092737884037305 0.11348179201145392
2 0.8349877769436438 0.6499928845480965 0.13837923151356152 0.07031359468490841
3 0.6107011375093399 0.6939808839115496 0.3137432525602488 0.07859990404199806
1 0.05429630296965434 0.7999085459898186 0.10859260593930868 0.18143290802036277
3 0.580294029715654 0.800512694581504 0.24711719468185828 0.06064878803308922
1 0.5905952219078509 0.8917371312460496 0.45492969468185845 0.06306690539463347
6 0.10481776066451805 0.14399435331795524 0.17421031570031092 0.09571358402290805
1 0.7410513922769015 0.17172352856464107 0.10952618942018652 0.057486330681090256
2 0.42500989234748854 0.24956945460695729 0.0695382262518894 0.06795111600890866
2 0.7641256002541137 0.25811501456082303 0.07920165258848363 0.04620338534372674