3 0.702564382752453 0.3351431857923606 0.30992038708777747 0.13819620991548637
3 0.308725491329351 0.4327709067257636 0.2401752321395369 0.053929006268264065
3 0.7214401048072213 0.4435187302452772 0.3191983508012036 0.08383601823611145
3 0.7083433654576379 0.5354159427262147 0.27828082488222206 0.043900696047778
3 0.3246614325641656 0.5701799877478123 0.22062414976444425 0.07998235999173638
2 0.49817684500527665 0.584929552717951 0.17731683232860984 0.6543628045209029
3 0.7312135204058785 0.617864766814409 0.30970577360990725 0.11792007750666685
3 0.7703532243173598 0.6983692311952077 0.33296832488222206 0.0451735617390975
3 0.3372379279460171 0.7139299877478124 0.20843721658814812 0.02980052203583341
3 0.3458897580120356 0.7591333849742706 0.21251912384546295 0.04081075721819456
3 0.7352940106039337 0.753984104770312 0.3033587373233331 0.06319620991548636
3 0.3461234953353688 0.8154924877478124 0.20953082488222216 0.04230052203583341
3 0.3525778383608779 0.880318053952222 0.19812443317629622 0.054509581306389165
3 0.748778895099813 0.881273303383541 0.31300713939685176 0.06653941546256945
1 0.3746476194636556 0.9267748266536456 0.2623824228087036 0.04041202013597243
1 0.7145969081057866 0.22213403951583274 0.1664834539114814 0.08495949430041679
6 0.16303440810578657 0.23497179920256933 0.12906136635259244 0.10280030452090286