3 0.6452799630583215 0.5470529373612415 0.059572557687603125 0.4581443867226083
3 0.5892075618135659 0.5404468172353726 0.13853004234026328 0.6800678535291294
2 0.5051322502004927 0.3227130203449391 0.04027349295103022 0.2034568867226084
3 0.4386962311049535 0.6602596419207005 0.08712702739390892 0.32973596680652084
2 0.4429049373380195 0.29363990436825504 0.04933991701630234 0.15909158008391255
2 0.3283096410722859 0.29202801494635433 0.06527349295103005 0.2053512734452168
3 0.29023634293245254 0.5767223236596426 0.11572193361304191 0.13305114357108572
2 0.23971981513755822 0.33088776017246957 0.06430298880184519 0.21304537427505377
2 0.21078471865739878 0.6194174639067359 0.04193108133331247 0.22533188672260832
3 0.1726227904429416 0.5630956863123343 0.05719903859206381 0.11929537427505377
2 0.17674621845690613 0.33240179336594855 0.06548698050347541 0.22867037427505377
2 0.11311681326345843 0.6018020661864654 0.06643417386477965 0.24117037427505358
2 0.12147837800003136 0.34628577199532423 0.04612167386477965 0.23963118506293438
1 0.7056450875338678 0.7873478958693927 0.04895956348717299 0.07206517676456485
6 0.7221798854732085 0.21658510997662125 0.107412526144509 0.14640324855010745