2 0.7347327582676584 0.7909909807969902 0.07552665467194845 0.2822341798477758
3 0.6972883004525567 0.5227848088578799 0.17240188626558642 0.8554116946765233
2 0.5870913550434519 0.4504548696185641 0.03472187220695986 0.3102026709505271
3 0.5807001139347922 0.5141353676413977 0.12181968940873951 0.8408743507983027
3 0.4918195504525569 0.5144125988583175 0.12011164019452777 0.8376856838021084
1 0.4569502065722473 0.7367850059686801 0.10066789578060842 0.21931768577927482
3 0.36142357505966266 0.5106589046760857 0.1989258449092576 0.8221827006080223
2 0.23883148345566477 0.3731032134596036 0.03613451488719619 0.24008117193911033
3 0.1892403600058507 0.5137799515966055 0.1999061480524107 0.8097463676042167
1 0.8946364511955638 0.8255781809107209 0.12250866252983136 0.25295785672980176
3 0.8037737408992628 0.5154272480971958 0.08275718940873951 0.839282675893443