2 0.853026895707847 0.42865894663160053 0.1675148083206249 0.024776361812477533
3 0.5370382197960414 0.42405777760243774 0.7986232572181947 0.26024081122185516
2 0.8498648749062845 0.4636650023071267 0.15501480832062525 0.02397532541528271
2 0.22344523242947872 0.5518383119970475 0.16119207313826395 0.021250843613880122
3 0.5288769616279162 0.6066199537283145 0.771695774885625 0.17582623842746603
1 0.870438480148368 0.11759103870432117 0.08321254350298588 0.022494366131414
2 0.6259136561570828 0.7067281801310463 0.2627909407294444 0.02932176434108591
3 0.526512414990798 0.7418262685031392 0.7542537017473612 0.16378731338132352
2 0.816482798349548 0.7885753647379128 0.15973867591180557 0.025838214064230768
2 0.43812140900687435 0.7745002637227771 0.15029094072944443 0.02211243676633483
3 0.5219866095199646 0.8354260741786652 0.7359024388295834 0.11268588833518081
3 0.5203682517124297 0.904957324178665 0.7295797036472222 0.10916037013658339
3 0.8102452093468056 0.14894236581764697 0.2177693814588892 0.03891800740125566
6 0.09847125474965267 0.13932092072720587 0.13891964247680566 0.13683627081949093
1 0.5872246302246179 0.1839427197674434 0.1148262194147918 0.040121957124400434
1 0.7544478446054166 0.22673789635474542 0.21671733415618064 0.12778024830195694
1 0.5644222566495137 0.2223846560723529 0.10396145459715278 0.04254605027685514
3 0.5456891340243402 0.2876894810262104 0.582159189779514 0.07631069246954744