2 0.40266704342324344 0.21815434172346465 0.023775755995855973 0.17527273538950344
2 0.4242274820079227 0.41246740341186194 0.02788536724456101 0.2299875089284537
3 0.47575359470436973 0.4107861266265007 0.27646864805241067 0.8072978514594021
2 0.6489943114108115 0.7392814991925164 0.016759468568468706 0.12519091477265257
3 0.6744094185256874 0.4120098871798075 0.17842925433871706 0.780606892044481
3 0.7744458058292404 0.41104563068698585 0.09801400826765842 0.7635909415580138
3 0.8533884431327932 0.41044956696999363 0.13195236062502325 0.7548159594149212
2 0.8695549445805353 0.3546535345025895 0.021665292389786116 0.12996023538950344
2 0.8908777886657326 0.5270779594215116 0.03439223242220777 0.2691318295453048
6 0.20675976964019793 0.8635016181017889 0.12159251778268025 0.13014324188232534
3 0.19560575248119935 0.036461831170157846 0.023330492142117132 0.03163182954530477
1 0.21605745533390225 0.22375727962803033 0.10735454342324342 0.22669095941492107
3 0.3054410947043698 0.4137589423720877 0.11582224648083414 0.810738676947517