3 0.5177655622724866 0.3383904436388813 0.7423074683211164 0.09450406750016391
3 0.27432120089219064 0.4234102512659444 0.21723105866619036 0.05278772721932725
3 0.7343735440872562 0.47142866604888506 0.283555181194351 0.10965777531256152
3 0.7616840791203346 0.60564989862569 0.30580152179152653 0.16031253974053178
2 0.5010632893956792 0.6456473829317753 0.23674442725907863 0.5101637176006804
1 0.0994679384069435 0.6534449477304145 0.10430399581262609 0.3325248125212045
3 0.2915515316020091 0.6921056875636136 0.19623014381548423 0.06452383538669526
3 0.7547453002914425 0.7293230116023814 0.24837179802252862 0.05231650126594438
3 0.298047186061155 0.7515625331171097 0.19593521287323465 0.03801589908902621
3 0.7790458137850959 0.7870635897326825 0.2989945108957631 0.08525797603820084
3 0.7341317875540938 0.8914857057045988 0.19993429802252863 0.05062502649368774
1 0.15293641787592466 0.8719692584375206 0.10685056956195363 0.12375001324684405
6 0.11572817884856254 0.19498017250267105 0.13668018119435105 0.104528787293461
1 0.7884444130091207 0.2527630008026082 0.11399679802252863 0.04762402286549072
3 0.5007312455605246 0.27311018402023446 0.5082166915859112 0.045803639555197326