3 0.3174795057032126 0.446440067276569 0.11642124614248868 0.26149077792830405
3 0.41327737121631786 0.7263156750330566 0.050756673348099565 0.2331334045679842
2 0.4030596529900339 0.2874136273170487 0.11586243676633483 0.15556832654882316
3 0.42997950570321264 0.4523359424459111 0.11125408235511305 0.20515889077317445
3 0.5271198257198246 0.7167093809350934 0.07143011875230769 0.2155298247398008
3 0.5266938193983032 0.479206058908826 0.09006140036914019 0.14175813206674698
5 0.5656885772609841 0.8690055433049937 0.14348678901808826 0.14922979534115868
2 0.5505201480527884 0.5715540111928181 0.1985562183831675 0.08515400723608924
3 0.5929753631967534 0.7115958350281077 0.07621774830195704 0.2173379862051899
2 0.570117942626431 0.24555807722619166 0.10660855027685515 0.10836577792830412
3 0.5842269147102261 0.4292746579588863 0.05015589605020363 0.2237584045679842
3 0.6301006192137331 0.4161062726127788 0.05997098704318997 0.255417840343633
3 0.6965509461701753 0.7240316372666713 0.05866930289774892 0.23510534034363317
3 0.7583698257198245 0.7288286798942967 0.10231917334809956 0.23583568068726599
2 0.7545523018180147 0.29259793079880775 0.12135097316352947 0.16831398801421232
3 0.7692329703857522 0.43663453584176193 0.09679106415651581 0.19817190637700666
1 0.8655002937984502 0.2742750559681499 0.06305641424880086 0.23066350180902234
1 0.9075768861757126 0.8215185481662338 0.07429430289774892 0.23592421189493037
1 0.20575836057585967 0.562050699909143 0.07603368290882351 0.408870388964152
6 0.24812034545958137 0.8585915072360892 0.10574695712440044 0.11922139077317447
1 0.23757315777039595 0.3659469838303409 0.06015265730897053 0.18535100180902236
1 0.2653114381506108 0.6772939196059896 0.050095339294943385 0.24711401741285463