2 0.28628711943047735 0.5930816134778842 0.027956396726773393 0.3543089917016303
2 0.31936503657567084 0.2929273255105204 0.022118080577371836 0.18712149170163023
2 0.3079934499230312 0.7301313275851129 0.02201393157316378 0.3180162941911412
2 0.33537935074133784 0.8161037937669338 0.020590296912107852 0.1433714917016303
2 0.3602057359505479 0.8414939574592439 0.015446439925866251 0.08532219336130424
2 0.41106637542092717 0.6568695811095978 0.012430567330527964 0.08821039502097819
2 0.4377255899415647 0.7413387468765004 0.015228185116542826 0.07907219336130425
2 0.440808439123258 0.6530574968765004 0.014900802902557686 0.06969719336130424
3 0.48711549864923764 0.5318919692820987 0.9087104112395619 0.7638889303122717
2 0.49221471561694585 0.4528081205268542 0.01297620435383653 0.10383539502097819
1 0.5564806345762378 0.1074354983263929 0.27589286660488843 0.09103235477852918
2 0.5719741706037544 0.22158050869935506 0.00999504809323426 0.06309199585081515
2 0.5838342089087059 0.8190941261259315 0.01780754809323426 0.0636839917016303
2 0.7356720497376967 0.4873444508112594 0.020431584205568853 0.2727037941911412
2 0.7603893075422451 0.5158596145035694 0.015337312521204538 0.08219719336130424
2 0.8610539956540126 0.4669350171982175 0.03014392322046149 0.5508287941911412
2 0.8876338538213808 0.48673803172036456 0.030729254978959376 0.6568419958508152
2 0.9027305418483305 0.7684373949977562 0.012321439925866429 0.08508539502097819
2 0.907440378416152 0.6558781954126747 0.019117076949174815 0.10118399170163031
1 0.9487251874787954 0.01874169646158188 0.04873016587924894 0.03748339292316376
2 0.08099447342149416 0.5143566526946479 0.02913695081045744 0.3434898908717933
2 0.09924596561694585 0.48258551182285475 0.01599207694917477 0.10094719336130424
2 0.11284464103002376 0.7402437238554909 0.012539694735189677 0.09133539502097818
2 0.11194185074133785 0.8330348751002464 0.017752984390903403 0.0621214917016303
1 0.14218995608311702 0.16765832883451273 0.04168155771188111 0.07795997925407558
2 0.1884746128070554 0.6495819124429103 0.0062896947351896325 0.09086179834032607