2 0.4663286598043383 0.3009086536131405 0.2828867078384166 0.06771005931499045
3 0.3283489381758682 0.3706693497725385 0.25222774122451136 0.08674921939110262
2 0.5429570074553404 0.3806969712939069 0.13306856426490726 0.06784802768032883
3 0.7463093279884537 0.38023276178863596 0.22823997492717538 0.22779071345960364
2 0.45380123073316303 0.46176524057127877 0.27797188730530314 0.059706558326407234
2 0.46962847070403324 0.5487240711036264 0.27953438730530317 0.05977022532260179
3 0.7242454260351673 0.6165668512182323 0.19268290815498582 0.18576503954332696
3 0.2583620132613281 0.6535401995822581 0.11807536473976095 0.24983285672980174
2 0.46787340558119617 0.6496963220922096 0.287210494985435 0.05540106030357368
2 0.45566056208682915 0.686956241559862 0.25541492570596275 0.03537772037968576
3 0.7484451071514066 0.7493329302677052 0.19450616943775678 0.0875185405319101
2 0.4955246956312086 0.7666782336511966 0.28270485141192586 0.061460059314990545
1 0.2300193675762478 0.8353777900004375 0.3097219924781526 0.07816739825029514
6 0.17383361975432585 0.19471829790910292 0.13121655925034234 0.11147069368794012
1 0.7340269736735341 0.20005051327151077 0.2337959899708702 0.09692271543676992
2 0.48077159303214856 0.25964698365119654 0.26506271034569906 0.04513472235685221