3 0.508285979771226 0.29921875 0.44827567391627665 0.034375
3 0.7030055721665717 0.3421875 0.32340300790866544 0.0375
3 0.29394890714754374 0.35 0.2714240138401644 0.065625
2 0.4525890780980708 0.3703125 0.09215300790866543 0.0375
3 0.6519179160447923 0.3921875 0.2398556788591925 0.0578125
2 0.4367850059686801 0.4234375 0.058032675893442943 0.04375
3 0.7077169298849567 0.4578125 0.3526740138401646 0.065625
2 0.48523177623463515 0.51953125 0.0715168557412186 0.10625
3 0.6761751112156071 0.52734375 0.30541701186299797 0.05625
3 0.30699402969467626 0.5359375 0.23494268577927474 0.090625
2 0.49675420805957715 0.59140625 0.06479201186299814 0.05625
3 0.7187883755500633 0.5953125 0.3811810158173309 0.075
3 0.5015491374130613 0.6515625 0.24515067391627668 0.034375
2 0.5129614812912818 0.7015625 0.07244268577927464 0.090625
3 0.7120038177551284 0.71640625 0.3381950197716634 0.09375
2 0.44881540965618266 0.75703125 0.06947951186299814 0.05625
3 0.31923799760290417 0.77890625 0.1840858399238879 0.03125
3 0.7041860005686537 0.79296875 0.31035917984777567 0.0625
2 0.518471335055334 0.7984375 0.07677735870696818 0.1203125
2 0.46483434049254146 0.82421875 0.05579901384016459 0.065625
3 0.3170971774506798 0.84140625 0.20334517589344295 0.04375
1 0.11712901094877701 0.8421875 0.08430601581733081 0.075
3 0.6814143454354573 0.84765625 0.2644736768820263 0.0484375
6 0.18829979053191015 0.1921875 0.11182352076024671 0.0984375
1 0.6739653765014653 0.2046875 0.19511618182494211 0.071875
3 0.3232597223568522 0.2640625 0.2777085059314991 0.028125