2 0.32336800109630837 0.4046875 0.04168653611233468 0.209375
2 0.36498254910472455 0.6671875 0.045104201991583714 0.2625
3 0.4028323010036411 0.29921875 0.10092267077339052 0.384375
2 0.4927082781381504 0.41015625 0.033363115423762225 0.15
2 0.5407365172535592 0.66796875 0.03576391832631991 0.21875
3 0.5545386447430388 0.33984375 0.09103675008481797 0.325
3 0.669692418789656 0.30859375 0.07461314191744997 0.346875
2 0.725977135124392 0.35234375 0.043323447182260465 0.25625
2 0.7264830442954011 0.6734375 0.04346729092165802 0.215625
2 0.7655281861280331 0.6515625 0.03261907095872498 0.1734375
1 0.7896849048250217 0.8546875 0.09433533175849824 0.10625
2 0.8286929073569105 0.3640625 0.037906771684364314 0.190625
2 0.8267558628070553 0.665625 0.03932542794496641 0.23125
1 0.8737152306778884 0.35 0.05135918039203737 0.396875
6 0.17928560736475982 0.79453125 0.09542660580511528 0.1375
1 0.21665175354337904 0.2390625 0.07153274881887368 0.0796875
2 0.2532811572720926 0.6890625 0.026170663516996394 0.2125
3 0.27059023067788834 0.35 0.05480658420556885 0.271875