2 0.563681281044589 0.4676280765224446 0.0941323793969957 0.08736859604505724
2 0.13408950483179197 0.45565941015912914 0.0801018303053814 0.06774451089576328
3 0.10014371461875815 0.5085605350330783 0.2002874292375163 0.7483168037225119
3 0.4716853575569487 0.5358374911210492 0.3247742806340389 0.7622150487788332
3 0.6746828117993141 0.5516038747970746 0.1592448754832878 0.7708366599070275
3 0.25164392452641055 0.5267363706865754 0.20784187214930788 0.7571455005042032
3 0.7692300372535069 0.5676437740604404 0.09744650608823165 0.7369972554478817
2 0.5272982734585454 0.7400822307294889 0.09569487939699588 0.08747785668871888
2 0.15174029300338282 0.7303205565725033 0.09598192182065049 0.07196211733238052
2 0.0718282340790066 0.3232350402288584 0.060012470912264894 0.08808986188449897
2 0.18069305104846847 0.3371332852851799 0.08265274545807211 0.09899451089576328
2 0.13982893498739218 0.3468471388718056 0.07043978788172675 0.08260468639013112