3 0.6498000269933542 0.47154248103489077 0.13171768815061072 0.6728951081851685
2 0.5551767442967874 0.38367543240231833 0.09567105027685514 0.11039510818516848
3 0.5603520049372455 0.2301518196752219 0.08937908235511305 0.20624974212409225
2 0.5063318268087841 0.5516440534643644 0.05540699568106326 0.08845646424430509
3 0.46544960364525456 0.7166311957382379 0.08649391424880086 0.23399210485118865
2 0.4103555976282749 0.4242521192258783 0.10118057063492074 0.0750953369733411
3 0.4077882094407522 0.2581487581657719 0.10544417334809957 0.23864765394280302
2 0.2989372362772229 0.42868414089674756 0.09745479333702489 0.0654652454580722
3 0.29728150601697967 0.2726094840790066 0.10488296884459274 0.2541451081851685
3 0.17149934454595595 0.7437347981735305 0.11622098704319002 0.26128792848861015
1 0.11358882403100683 0.3497772462069782 0.10719974706533933 0.6056120133359195
6 0.8096184245847171 0.08778975012068621 0.1060869185677376 0.15165783697334118
1 0.7416814366186765 0.6870881195157423 0.053162177667036306 0.1504462812137671