3 0.3201189100389311 0.40098827924478686 0.09108116410480696 0.7826241684661948
3 0.40361715954463956 0.3969976736410651 0.12233116410480704 0.7849921518694554
3 0.5058017420541535 0.39314877799538694 0.13282299513144621 0.7748834460605966
3 0.5970169910655704 0.3909099265408501 0.08556599315427996 0.7619564709557058
3 0.6522947400769873 0.39139425600006267 0.07431015817330788 0.7533151767645647
3 0.7015134900769873 0.3876646821399275 0.07431015817330788 0.7533151767645647
3 0.7616060730807928 0.38466881408865106 0.10249882516950226 0.7570088618274992
3 0.8380094055903069 0.38277350475066285 0.10243515817330788 0.755446361827499
1 0.09521038783299074 0.12908200352448496 0.02059102570316256 0.12305899170163022
1 0.10842797083679634 0.12963811057809924 0.0277668557412186 0.10802598755244537
1 0.13749072973404491 0.08537862510024634 0.03449701680591395 0.08205548340326048
6 0.12037098905122298 0.8304659821538607 0.11185269566510647 0.14555114357108537
3 0.17414315414461312 0.04599589377157829 0.02158583992388783 0.032789189212119305
1 0.17351711855561885 0.21427229709092618 0.10406937056996624 0.18390324855010753
3 0.24371557752941714 0.40288358858277495 0.10358116410480696 0.7835713618274991