2 0.5301412143738247 0.6027407678562542 0.07325972235685221 0.2684329257464693
2 0.5408027776431478 0.30263150721259247 0.03732222235685221 0.26591993094224947
2 0.4664753038034209 0.5693002011442921 0.05773288144438116 0.2315120799535137
2 0.4086309703053237 0.566038807328808 0.05266337946721489 0.22180929802252863
2 0.41621661311841135 0.2837344057196537 0.04060373125410077 0.3082166915859113
2 0.33280329935479663 0.5811067964330447 0.060950723345435345 0.2722463405971755
2 0.3373276091640787 0.29702137353656693 0.04570772532260161 0.2805287341605582
2 0.29429519216788436 0.29557920583586916 0.036940220379685765 0.25654493094224956
3 0.22332087000131257 0.6337786923422158 0.062033062280740035 0.2988088405971755
2 0.23181243821355163 0.3100134104112307 0.03320772532260161 0.2796546490112643
1 0.20212623269979443 0.09639902464151814 0.07142401384016442 0.07043246832111634
2 0.15759102962031418 0.2664330191936365 0.047177383421547515 0.24012225544788163
2 0.09060121190236674 0.5837572769873066 0.029005703573771857 0.1765296490112643
2 0.08614976973448243 0.3084459205506893 0.04790689528454559 0.2962629948042199
6 0.7174328977188225 0.1402675370498907 0.10528436068413463 0.13668018119435105
1 0.6879444441078696 0.7101429944752438 0.04642401384016441 0.06868429802252862