0 0.6205103030909889 0.8052142077543291 0.08892263527271585 0.12744729282674855
0 0.41415205269000366 0.25701628041837593 0.08305114357108571 0.11149451089576327
0 0.39149118961310464 0.5150473017056993 0.09590634108157473 0.11705609604505725
0 0.3971393835991087 0.40974244267119203 0.0763275468904335 0.10480746832111638
0 0.36654762135204677 0.6698822671768241 0.07090634108157463 0.11530792574646931
0 0.3556199315152275 0.7833274081423167 0.06612375269929238 0.09321440445914586
3 0.3851777155571211 0.0958491874754119 0.29218934523075957 0.12301043714643578
0 0.2737521956363893 0.25362311866976295 0.10658373195336797 0.13489915990702758
0 0.246308744177208 0.5337476612444099 0.10180114357108563 0.11280563861970413
0 0.25636101824712465 0.3908335415662408 0.09254454274124857 0.11371257475773362
0 0.23297810475530722 0.6481379431753951 0.08556083693238978 0.12410377153942491
0 0.21173987695112415 0.7848402676810273 0.0766827444009226 0.10949496832111638
1 0.806241696461582 0.40522564338815564 0.053412110377606584 0.171590776735205
1 0.7808319124429103 0.15599582173251514 0.05170605518880329 0.0875435586661903