1 0.06118778034150134 0.31708808847375847 0.037018670802790865 0.17231137662320553
2 0.42664852539782283 0.4327087288933864 0.03795772997318423 0.36428068831160265
3 0.4649951133971083 0.5012638599808186 0.6349519703379286 0.6665321241842783
5 0.5459433727033878 0.8889235470746055 0.22989458565349707 0.16319329545304767
2 0.5145041684570023 0.2719405986167329 0.019995425746469307 0.06277273538950343
2 0.5575532260379119 0.7759832163114846 0.019307010895763276 0.07524546185055296
2 0.6988448615555228 0.7433361318949159 0.016214861884499145 0.053343188311602674
2 0.7424363244287575 0.7753088806770999 0.017449579953513705 0.04868296185055314
2 0.7189510038583977 0.3613418380634261 0.015307925746469308 0.06269091477265239
2 0.7635736330949479 0.8209350263750288 0.016324122528160602 0.054905688311602675
2 0.7443002011442922 0.5006770734529296 0.022683383171822412 0.05657728246740419
1 0.15870191870910388 0.33907791111920443 0.0688371173323806 0.09171594155801355
2 0.19538672578581034 0.696313712661332 0.018105143815484226 0.05805796185055314
2 0.25978844335062207 0.5460603425309483 0.017088947033792934 0.06584318831160267
2 0.3015599521526984 0.7863404691541538 0.015887079953513794 0.04865568831160268
2 0.28019414247810187 0.4473188794625792 0.014870883171822414 0.05644091477265238
2 0.31141664532809343 0.5032649163942102 0.027501559170393364 0.19243296185055314
2 0.29813612328446537 0.27986832670263573 0.019383420550689312 0.09865568831160268