3 0.714779497821922 0.6219332404995955 0.03201349577685786 0.3490739974927175
3 0.6851732511871342 0.43748168415224714 0.04012752414838783 0.4133183539192082
2 0.6521741977427797 0.5932603227111916 0.03739967775102695 0.3195683539192082
2 0.6402147891920826 0.2628597688711255 0.024734541699364954 0.2598751051728495
3 0.5730954853520166 0.26715847545590077 0.04293897241989288 0.2416706744523216
3 0.5293277311288745 0.6171644871343833 0.12277488809672583 0.3563984156768331
2 0.4635148630239013 0.5588722655059132 0.03603575455234651 0.2726933539192082
3 0.4138832728947466 0.4117532245979709 0.03281982633910108 0.26947742570596295
1 0.389512444048363 0.16537832977082045 0.08950042069139794 0.0712959899708701
2 0.38336436177026006 0.5721511669969812 0.03150136724704335 0.22416492570596294
5 0.35322795157021036 0.10075354011651942 0.10979620031656916 0.12496655925034235
2 0.3343057699917527 0.283489483769171 0.028876472419892885 0.2412614974927175
2 0.32639294774277966 0.6027395889420205 0.02992214687221457 0.2771989974927177
3 0.28877562430667236 0.46543581723440813 0.04099134217421874 0.4430058539192082
2 0.2524242503292044 0.6134928840065978 0.05771217775102695 0.32015938730530313
6 0.8632621811162393 0.10858849135752538 0.09688702335696497 0.11054034639736088
3 0.8110143371596539 0.46275080562243265 0.03658132383181893 0.29144335391920817
1 0.8107117749398107 0.6942053941022348 0.10166545157021041 0.11380173871722903
2 0.770419114739761 0.22310328391482023 0.026416713644404233 0.31768760517284955