2 0.2919258346102726 0.3944844840790066 0.060965405007558 0.27244882697140155
2 0.27945884278512906 0.688633096806103 0.04603762599777568 0.3365432778797871
3 0.33910540052234506 0.5189266325617978 0.045309583904400874 0.3240432778797871
2 0.369749913817699 0.6602692386209345 0.06005535239083955 0.25682382697140155
2 0.43192077403045914 0.32707423028598476 0.05577664704446299 0.3435585524255943
2 0.41737607173844166 0.6835952972554467 0.05682393657758915 0.28144118969849785
3 0.4627087714702104 0.39920445073920774 0.044172747157402624 0.2244259151526907
2 0.4796331480326835 0.6559647627076998 0.0816419260542455 0.2803569218206505
2 0.5004663767036475 0.3650208983136134 0.04450594710093281 0.28354582363742165
2 0.537814458259561 0.3378685958880191 0.04640164704446299 0.3427932778797871
2 0.5991537766612951 0.3126455842190895 0.04787314178279125 0.3413583236374215
2 0.6173683664626524 0.6540519631570433 0.050786768204089935 0.23118609818322894
2 0.6591588372411085 0.36372998103489074 0.08670885765251128 0.26055460485118864
3 0.7374203451336163 0.35500894315316406 0.08018584186749571 0.2553569218206505
2 0.7444545112292154 0.6747794381521942 0.048511636662293786 0.19212359818322877
1 0.735794329842711 0.8768680966369251 0.15039338410204514 0.12579670970237727
6 0.06762045349199938 0.8948664766621407 0.09247446828879458 0.14594997091226497
1 0.1436387950065594 0.2705203098424601 0.05582433674699834 0.10408146424430509
2 0.1695000138600513 0.7209350269617032 0.03725488922254248 0.26584814060688355
2 0.19400354507714654 0.3402749583252514 0.04477896288594838 0.2882333236374217
2 0.21798780567107742 0.40907288468782976 0.04350488922254252 0.2663583236374215
2 0.25169494773621737 0.36433446953513904 0.05054311547443202 0.3338009151526907