3 0.7025986562238569 0.5965725097882829 0.11378680054354398 0.7801984206885726
3 0.6188410152583641 0.5913096017135822 0.14503680054354398 0.7812896947351895
3 0.5162241136492097 0.583829429210911 0.155209476037912 0.7707341406515056
3 0.42449008171822455 0.575949952624556 0.10767891217594147 0.7597222295815799
3 0.3686935497872394 0.5693254411918106 0.09619510895763277 0.751527783665264
3 0.3194747997872394 0.5676066845683886 0.09619510895763277 0.751527783665264
3 0.25920928914357766 0.5639434820286506 0.12442936960129458 0.7540724303072193
3 0.18237363753442332 0.5573636106144387 0.12432010895763286 0.7525099303072194
1 0.9595852556231087 0.8946826606914076 0.024147330205615346 0.12242063702330838
1 0.9461947449794469 0.8926563692215954 0.03086722376899793 0.10706845553496294
1 0.9218010323583137 0.9338890044308054 0.03682229282674854 0.08077877404661712
6 0.8563478250098353 0.187331462960993 0.11586493664223277 0.14121033175849815
3 0.8892124074843645 0.9693800711283611 0.02249771287323483 0.031959328130301404
1 0.8711622579688971 0.8004118163190377 0.10922145273377595 0.17994544954451328
3 0.7794343078330112 0.6031523812024948 0.12628680054354396 0.7806349303072194