3 0.6592270651393743 0.6150310367599957 0.13456363026973045 0.6761999680139994
2 0.6002352088530681 0.5893310554184961 0.06436675433871705 0.778452264003818
2 0.5883795258499601 0.4578719700827234 0.06770553846084475 0.1460215720082722
2 0.5564166265546951 0.808471406747269 0.061344222497410075 0.11002952800763595
3 0.483700526264245 0.6075168867361331 0.19146860173368302 0.6909169960216355
1 0.9022342406988845 0.8687758441279032 0.040055727459808566 0.18942612667090905
3 0.3581932580672798 0.5833879487189522 0.056635413563288675 0.3442227146721816
3 0.2987818707637269 0.5834783080442252 0.03635283870851378 0.24404090133672723
1 0.8761062342887435 0.8927036927911761 0.028313398676092304 0.1049602200031817
3 0.1597729904894873 0.31218346869031705 0.03416529238978616 0.13001476400381798
1 0.8305582938420375 0.8804485934515854 0.061014582712657986 0.06942270934118148
3 0.8181012591007372 0.4933753074474493 0.03998295285270288 0.1878636266709089
2 0.7930348308551401 0.6791219034452222 0.06730312406898661 0.10385225334181776
3 0.7520866532287156 0.6184565761059497 0.12220917948394217 0.6791795173456358
2 0.7235227357364856 0.9464270347708134 0.018972631926869356 0.0720568133354547
2 0.7125147309789746 0.6289395427673135 0.06756022084027098 0.7128999893379998
2 0.7064488215495152 0.5913486360995863 0.0477526033908223 0.0864465773392725
2 0.683591364353586 0.6121878474299501 0.060689251033457306 0.09596702800763594