3 0.6308720207230656 0.31184026377079915 0.31035917984777567 0.06966441546256971
2 0.3662245888981236 0.37762369224805586 0.14840300790866542 0.04091855357097227
3 0.6851191689361797 0.40068586464447975 0.17228617688202608 0.05240156743868063
2 0.5214877504571105 0.4054792013661116 0.12145850593149898 0.03092530452090294
2 0.5188110780237087 0.432786583774931 0.10739600593149916 0.030597996200277856
3 0.6634232410655704 0.45335626975472276 0.13041701186299814 0.05923214247680573
2 0.5200088220922096 0.46096613516170193 0.1167073389353046 0.029253701747361305
2 0.34676498167403025 0.4905594501318406 0.1838948389353047 0.03081750816812523
2 0.5401329796968639 0.5044440314382296 0.16141234387822045 0.053709494300416695
3 0.7025374792025723 0.5105700109210076 0.17228617688202624 0.05240156743868063
3 0.6104826303814359 0.5819345582237159 0.29540534190105416 0.04746210714194472
2 0.33782638038143586 0.5755884135627086 0.17589133794672146 0.025948170212222267
2 0.32427853353746583 0.6393963404244447 0.24633117193911022 0.03070971181534752
2 0.5624815290888415 0.6660543318750699 0.2057698389353046 0.03132665444465292
2 0.27286327216875933 0.6921570113022572 0.22002333992388784 0.03634146276527801
2 0.5380107696973013 0.7100582518029519 0.1396646778706092 0.056325348023889
3 0.6808203522068154 0.7172921363959729 0.15410917984777567 0.06602765634451409
2 0.3046915923209837 0.7554570983082295 0.19464133794672148 0.026384581306389165
3 0.6479004228533313 0.776739218367952 0.09259867688202625 0.05054682028847228
2 0.5154235038799706 0.7846036569131949 0.1645028517868859 0.09124586189159736
3 0.686216164944666 0.8151665919430562 0.15790534190105418 0.04426175911805572
1 0.11893316445037436 0.8043089063445141 0.0927896778706093 0.055234320288472104
6 0.1800854535365908 0.22471297853284736 0.12231535178688593 0.09026393692972227
1 0.6583232000765497 0.252265895229688 0.22780134783255318 0.07398693313000013