2 0.7747558967674204 0.3140907370077659 0.2822341798477758 0.06738196347211085
3 0.5085870687065306 0.3344269618472578 0.8554116946765233 0.14764930518898503
2 0.44497950794584645 0.44027181290291806 0.3102026709505271 0.025712660712167334
3 0.5094240099230128 0.4507650279998819 0.8408743507983027 0.09743111687738235
3 0.5169592787060932 0.5398957118472578 0.8376856838021084 0.0958140697994816
1 0.7430243715957305 0.5891219646866316 0.21931768577927463 0.09438874837514692
3 0.5238379728883248 0.6703917353862081 0.8221827006080223 0.17517428733207757
2 0.39576866410480693 0.7844797345754293 0.24008117193911022 0.02917285145940198
3 0.541029425967805 0.8432252633893853 0.8097463676042167 0.1765185990204749
1 0.7964186966536897 0.15598791070887202 0.25295785672980176 0.11527399269310408
3 0.49250712946721487 0.22719116030513026 0.839282675893443 0.05836861687738217