3 0.3383157148444149 0.5393226169954634 0.06035984284234299 0.6251818071815922
3 0.3743709929661775 0.6762140838179761 0.02523124813797315 0.2063409035907963
2 0.3976864067388631 0.47249873135864806 0.03716628370333375 0.46259090359079613
3 0.40944585214796786 0.5405174783335859 0.0828170396991899 0.637809072208707
2 0.41023560256225267 0.38978168012898406 0.016905017782680432 0.12818863251355736
3 0.46369670450533274 0.5314606409013726 0.08056533498446009 0.656540891490548
3 0.5207279545053327 0.5317924390077786 0.07431533498446008 0.6565045300542293
3 0.562769905291121 0.5289128787029284 0.05712783498446008 0.6564045361043535
3 0.6041719629823882 0.7470634358845206 0.02155397642635144 0.09384999394987581
3 0.6300301798982268 0.5308662641433519 0.07409701116314267 0.6518170300542293
3 0.6754154545053328 0.5326923845566608 0.05556533498446008 0.6563954457452738
3 0.7315926798982268 0.5314571374835271 0.09321088419867181 0.6597386143631846
3 0.7807964673256143 0.5817298482559156 0.0418880169541108 0.42981476502711474
3 0.8176393418088856 0.534300857232906 0.06181533498446008 0.6564318071815922
1 0.09280404590444283 0.2653119034926003 0.02195208271265774 0.06885908430895542
1 0.9555544489237615 0.20862921242270854 0.03328768899896417 0.0439318071815924
3 0.12646637820281578 0.4849795088787946 0.03635283870851378 0.24389544574527378
3 0.1855117384180635 0.4447090328828997 0.04238882299274804 0.3064136264634332
3 0.26715996050118873 0.7052698038619426 0.04678522456432468 0.3001908975406719
1 0.25041964681406564 0.3123101442210222 0.08373295285270288 0.18793633723582168