3 0.3865589751661142 0.5037855777920186 0.2144090746400904 0.7213438127540133
3 0.5330532433647115 0.5176920267966503 0.14525855644149316 0.7114907779283041
3 0.6203517867017364 0.5798854895960921 0.05760505551864235 0.36430151741285444
3 0.7711435286821718 0.5636507372212429 0.04070175046142523 0.17343085594746538
2 0.8446053192414198 0.8594855376507843 0.019630181985972682 0.06331887155129756
2 0.12460968768918548 0.4986222857302202 0.0522424228866742 0.06191350180902226
2 0.14521778608342753 0.7473054471956095 0.05713018198597286 0.06528416327441153
2 0.14795994524732464 0.35268566598794504 0.051480959283868755 0.07433161465389251
2 0.14833258019564477 0.24914790818602892 0.05480621838316742 0.07762038896415202
3 0.18678951264304294 0.4847512155129753 0.18143588833518093 0.7414172953411586
3 0.27470052282207574 0.471450033355371 0.06433232417866508 0.5421808559474652