3 0.6877201062726913 0.4728314927657989 0.09189029452342404 0.609379308105552
3 0.6325696912536631 0.48322749131805687 0.03843373619701662 0.3308518937136936
2 0.6000251522046278 0.29923563503175055 0.032963691710773804 0.12005994292790537
3 0.6039419669568258 0.6066671453708328 0.06566208106382021 0.38670378742738765
3 0.5582647110253267 0.5806162216733497 0.04379239825029515 0.30926799214211725
2 0.542623829086654 0.35043857010177315 0.0402668557412186 0.10792381596343477
3 0.5130225593149904 0.2578893511190198 0.02951503954332697 0.188518844499482
3 0.5185801285158126 0.5863782241545491 0.05667440022746142 0.319225188998964
3 0.4638966512160446 0.30087952584996014 0.03761138243296429 0.23412244292790535
3 0.47472004056909123 0.5665045258499601 0.04321939528454557 0.2952054921421171
3 0.4279405410633828 0.5710315140631359 0.061842061292156816 0.2929537874273874
2 0.3889271206071473 0.5548457419372295 0.023044863649884027 0.14455052067816432
2 0.37881599707143154 0.36432990384788816 0.03146485870696818 0.12154966832079958
3 0.3835339664625342 0.6145846149727587 0.03989807710948767 0.3667893937136938
3 0.31232222235685214 0.25001700082856954 0.04246602570316256 0.12362159057054053
2 0.3166024985543063 0.37427213813212246 0.035961357718384955 0.11708049214211709
3 0.30550446695682576 0.6205670953280515 0.08677307710948767 0.36897263192686935
2 0.2444502673373866 0.4668642065767566 0.030106583040986658 0.3944049714639526
1 0.8263873113293378 0.6487496757689069 0.03544138737588014 0.2574143937136938
6 0.7817951225471326 0.14987768217904768 0.09358285672980174 0.1150856526050339
1 0.7914857293141153 0.6566371044287886 0.06691688045579802 0.22613016046291676
3 0.7338111976794538 0.509038666463282 0.05229991802195855 0.4032363159634347