3 0.2988888926688981 0.7528688769810998 0.0591578731437834 0.23596919303247788
3 0.3380484040817755 0.3363349522855114 0.081923728333586 0.39087983363936124
2 0.35860075683569115 0.5654643428923949 0.12073065651766246 0.08169602333785911
3 0.4201114703385541 0.33756235456132455 0.06791577048806374 0.3991069218206505
3 0.5207200035160414 0.3754765559287521 0.06444533684303817 0.3394768303053814
3 0.5955563770526083 0.40972375229520974 0.06709763817089823 0.2584819218206505
3 0.6465689103282914 0.5084640122971494 0.025809041958085997 0.14110323212215264
3 0.6544894528755526 0.7592292868429567 0.026354463502863013 0.23485323212215264
2 0.6804484857584523 0.5964262689651092 0.12236587939029935 0.09432356909549373
3 0.6928752420049682 0.7443854079050027 0.029688541761694155 0.2710458236374217
3 0.7188984282822724 0.4362061171483381 0.08882719242562409 0.23526756242753386
3 0.7754922992847565 0.7847390830596332 0.02778060811666876 0.21154327787978708
3 0.787989316747758 0.3832243804842576 0.033377144024630566 0.3681759151526907
2 0.7913132628858154 0.6179820177571612 0.08492042154477701 0.10063747091226496
3 0.8349143137226959 0.3784570032132937 0.046040770488063744 0.3973212812137669
1 0.86015625 0.95 0.1328125 0.096875
2 0.9008700700674076 0.5956602207915787 0.044322692622015936 0.10200878121376693
6 0.21526280553127233 0.8859527018264695 0.09920109016268785 0.13928538273097574
1 0.23504157874981052 0.3076044322816321 0.08512949980360825 0.13657497091226495