3 0.5388504244859618 0.30142860626995704 0.7109153566887189 0.09316225194490765
2 0.24896846965849867 0.31482907269968635 0.12631112772394076 0.019477228726369412
3 0.5375667939120292 0.375624630372258 0.7113852502521016 0.07754634230398719
1 0.06630379910780936 0.41428923809614326 0.05996486188449899 0.05345225292686635
2 0.7559454533148537 0.42433379938295224 0.2555615851492938 0.013981728529977745
2 0.4661727591310525 0.4361717658126816 0.15421760643661742 0.016515855189802586
3 0.5390639559127438 0.4435570189359395 0.7048074683211162 0.07282248086766874
3 0.5399601843733187 0.5200831574996211 0.7003056386197042 0.0977861194313503
2 0.6199372614768409 0.5266462540070208 0.2133740851492938 0.013736288834828159
2 0.28401618697120884 0.5395336360295987 0.16370186708027906 0.018132897344280252
2 0.6599888250867098 0.5904496787732516 0.09484260643661742 0.016170421544777012
2 0.4995047931557246 0.5960689405789126 0.18245186708027905 0.018241981653235585
3 0.5413098809029085 0.6012922508837628 0.6918704257464693 0.06649975799503186
2 0.5576889977310862 0.6574240762157277 0.1664990851492938 0.013463578062439474
2 0.2687686093634835 0.6794092022863774 0.1383740851492939 0.013299951599006299
3 0.5371908274324984 0.6825331605246832 0.6904935960450572 0.09148157727687263
1 0.762959185885928 0.07834004333282807 0.14921303218308674 0.07896131303532483
6 0.15663277623100202 0.10529551229664014 0.1338829631253362 0.10542381908544902
3 0.5477933717718562 0.16237065144949686 0.7113852502521014 0.07754634230398719
2 0.8134840737493276 0.20455710968780264 0.0889203883676025 0.02082156010845857
2 0.6707502705310189 0.2131968323640478 0.08390510643661742 0.01610678903121974
2 0.49725814020918796 0.21498711222188538 0.1936078883676025 0.021430614166792948
3 0.5377356747380632 0.22802746770627552 0.7082602502521015 0.07752816158582795
2 0.8210673447845493 0.2747968868151657 0.14462408514929379 0.013336313035324832
2 0.5932319218880716 0.28315078406125005 0.2260926064366174 0.016934011707464957