3 0.49720922770427034 0.327043244244218 0.6977597928267485 0.12000283092062913
3 0.6176531316592132 0.4219146704396378 0.2258412341605581 0.047388752419074365
2 0.460654732647949 0.4347346469032887 0.08188342055068923 0.10280575256024882
3 0.26877323524583896 0.44160075497932316 0.2006334205506893 0.10972215244730918
3 0.6308144133380968 0.49171123094886404 0.24626299480421993 0.050134320820808397
3 0.5394520859824731 0.5530666889260765 0.12588479282674853 0.08669490514873246
3 0.27703421345431234 0.5926928181193853 0.25525521857321787 0.15647532608248033
2 0.4370265724888197 0.6043646074407499 0.06313342055068923 0.10171368942018652
2 0.47926334897192324 0.6397707573983975 0.04965007475773362 0.0869231473268119
3 0.6672168170409382 0.6554243914298554 0.31535148441265975 0.12574053654935433
3 0.28380374747898457 0.7538956286286116 0.2650565534704102 0.09635687343752704
2 0.459765313938845 0.7727729731975306 0.11136310694082034 0.16832433674699843
3 0.6750243271803968 0.8017834519390817 0.3349320108957633 0.0942021102127601
3 0.6661302923994199 0.8616666861540662 0.2956074309422494 0.04367148919430761
1 0.6978097972662238 0.21792439142985537 0.16330838317182242 0.06553253669052861
6 0.12137298340425354 0.19376395250377904 0.1556815534704102 0.08998650512049751