2 0.588751227959911 0.2780816035900039 0.01667951734563573 0.09107964106622682
2 0.5373501705920034 0.534178490895307 0.013481792011453919 0.08473871285298137
3 0.4757677805935943 0.5242555731069029 0.9176293254296318 0.7358351100544006
1 0.45570401265118254 0.10076424881286576 0.29785679201145393 0.09301318025830944
2 0.33303374590232265 0.7095973427029442 0.0105567866804539 0.10183528463973612
2 0.3261741238860962 0.8292877170761235 0.013590880012726635 0.09411371285298138
2 0.28371773528009336 0.38379937232811534 0.01642497867599957 0.06920464106622681
2 0.23109272195259312 0.3423764019532865 0.014971566677272286 0.0785341769596041
2 0.18833141526100333 0.5271522187254762 0.009012468013999353 0.10335232053311341
2 0.1827001279440026 0.40704430720527823 0.0136817866804539 0.10192621285298138
2 0.18356428862986532 0.2656607892585896 0.017297682686180947 0.14420464106622682
2 0.14096606659773045 0.503538873977468 0.019877242679817542 0.09742056927947225
1 0.011960366605684624 0.9221106807205277 0.023920733211369248 0.04934678213245362
2 0.867663831914413 0.6050088502912987 0.016008997374270705 0.3019262128529814
1 0.8450337592298229 0.7376538657307048 0.0755454400063634 0.04905727711788863
1 0.803200247891505 0.7755774145562058 0.053797709341181485 0.05935827962517113
2 0.7423274772438223 0.6375522288211131 0.015699914703998275 0.2753637128529814
2 0.7135154179662744 0.22759220711350073 0.016643154678545 0.08795464106622682