3 0.4786894075086604 0.28255187595923 0.4575601944820759 0.056904107949226644
3 0.4733977199239893 0.3389657669247226 0.678023180687266 0.13459133741820778
2 0.2580006919956852 0.45366132349722593 0.202872694482076 0.039094623032363884
3 0.5964966259623117 0.47046750317896774 0.3282754862051901 0.08522621388164087
2 0.23042456863536534 0.5194173634739828 0.15821529172311405 0.04842606436617345
2 0.23147805631089344 0.632988190577505 0.20418288896415202 0.06409462303236388
3 0.5165557411820311 0.6293997427874076 0.13056832654882305 0.11499085149293879
2 0.272327706356322 0.7149758819113148 0.21191350180902227 0.06307842625067259
2 0.5610217141582382 0.7017939128338938 0.2247476944820761 0.040624272043628194
3 0.5056857609697347 0.7476962747183927 0.11816350180902227 0.05652278763096845
2 0.2753022201511319 0.7770388393366677 0.22753850180902227 0.06417103268728983
2 0.5457065733850637 0.800941607017695 0.24003850180902225 0.0650451178365838
2 0.29044586329915545 0.8296885919345579 0.2389739687923355 0.0447326178365838
1 0.717158765265148 0.18803777940996974 0.07104284034363317 0.048557468321116334
6 0.1470166836279422 0.2543711537028413 0.14413950361804462 0.1065991972858944