3 0.7386511346844318 0.4804914001731591 0.21787373098159044 0.6618129350298613
2 0.6883680033541947 0.18665113440558972 0.018509335401395433 0.08622844072944442
2 0.6854379254174933 0.7266591917762841 0.030200224273201036 0.2534159407294446
2 0.6415965461809432 0.26755694871013835 0.037575681698554145 0.2473477786853472
2 0.6351708556034381 0.5337638301690273 0.0516810124083726 0.5159886759118055
2 0.5924542058358692 0.2921763954235065 0.032298319814055176 0.19418641109416673
3 0.6027682650062627 0.4844366306058676 0.1385468639013112 0.6428070554708334
1 0.99609375 0.72734375 0.0046875 0.1015625
2 0.5616947867977892 0.6356367611148259 0.0374771287323469 0.3128636759118056
2 0.543873138290728 0.7612550101648955 0.01593063861970414 0.09396820554708327
2 0.5048002945914594 0.5829670092149649 0.028299234664761207 0.18161367591180558
3 0.49350252564992425 0.4885448619885066 0.14901447033792864 0.6586502610179167
2 0.47493247813159883 0.5922699272429858 0.039651633928127164 0.2770352786853472
2 0.43342195734847844 0.7372200577519441 0.02130655347041035 0.08161367591180557
2 0.3890289210548924 0.23665701329902747 0.02255197921687966 0.14404094072944443
2 0.40931283197032614 0.6274456674593399 0.018618596045057244 0.08779094072944442
2 0.3752013678365837 0.22915363782406217 0.02077095792955621 0.14087957313826394
2 0.3962172522689139 0.6527911595755553 0.027577968825319488 0.2159159407294446
3 0.3798934937189391 0.48649401234909695 0.1578431671196201 0.651055966565
2 0.3388971531217636 0.4373668345374303 0.027862192090114313 0.17536367591180557
2 0.34727700771679554 0.6914912900845136 0.03953166560701078 0.20839438145888883
2 0.31763987613445693 0.323613459062465 0.03300815001967052 0.3158795731382639
1 0.9817173457160809 0.7448039008387493 0.02552415990702741 0.09731141109416672
1 0.29903235174504034 0.1918004146095484 0.04743201089576328 0.07598192496187503
3 0.28285460275344654 0.4864050530022914 0.11398390647595828 0.6484751740119444
1 0.917203561516182 0.07959712813732563 0.12113159084927716 0.12605596656500012
3 0.9462886720632987 0.5179147457285062 0.03968448491686303 0.2551966462765279
1 0.10552618631325654 0.8152788546734028 0.0443727128732347 0.03223192496187508
3 0.9113180923618863 0.5437693841212493 0.04082065001967052 0.31606141109416674
3 0.8532167432147361 0.3283632428787146 0.054522517099949395 0.3335398518236111
1 0.8807011489343897 0.7549802942654853 0.07003898441265974 0.10926720364722228
2 0.7894263028893326 0.6694623279848257 0.024737192090114137 0.17529094072944443
2 0.7501627990309347 0.3205890701010411 0.03631882031825828 0.3409159407294444