2 0.35107405047999274 0.5246270222740945 0.0757882262518895 0.0709543091359686
2 0.3700647871140516 0.3062045708946136 0.06155912628012441 0.040611711894930555
2 0.37086217668953 0.4136043130926975 0.061725726251889504 0.0702173247398008
2 0.385999871230214 0.20751808740295696 0.07688028939195171 0.08970430913596861
3 0.4542445531108287 0.5292503245126582 0.3037855676958623 0.7760932677515389
2 0.481975439984884 0.5643999304601235 0.06530575256024881 0.07819359905006032
2 0.4940945503388184 0.38323181761525327 0.08285727360693614 0.08534435775648763
2 0.6082362901684105 0.7645747501115416 0.07220819994353037 0.0629780348257091
2 0.6272501426298372 0.5861188794647554 0.07678928413027979 0.08814180913596843
3 0.7386650557416645 0.5433725367462731 0.321625515079144 0.7614509136130957
2 0.16104828995664905 0.5178027329258297 0.10989021046687397 0.06806832654882307
3 0.17253182152668015 0.509000943011738 0.3114006466209401 0.7998583163720578
2 0.18567510558637285 0.35061191089956234 0.10849431043863911 0.09759205223856364
2 0.19228069233337117 0.25065285447712726 0.07606124203690508 0.0756418091359686
2 0.20374037905213466 0.12117007236495163 0.08634629465362353 0.0917581320667471
2 0.171570019051136 0.6735138223649516 0.08919827886860796 0.08723440637700648
2 0.1694930376081618 0.8168101209854706 0.08783319994353027 0.06379690637700648