2 0.58489562595923 0.538634345211878 0.07657320767745457 0.07221348960843983
2 0.5633491358465872 0.756947302637231 0.061997255447881726 0.041651904459145864
2 0.563802239937416 0.6494243797407532 0.06251070767745474 0.07123014381548423
2 0.5462548349740669 0.8554558584534296 0.07788433540139543 0.09096348960843983
3 0.4817159956373992 0.5322043927302034 0.31269419410692656 0.780637266847848
2 0.45437759947612644 0.4965346905006305 0.06618201089576328 0.07926116510280767
2 0.44014086481136516 0.6776754298569687 0.08380655347041017 0.08671303218308672
2 0.3303712889683507 0.2939510038583978 0.07290190445914586 0.06418246832111638
2 0.3092671952690821 0.47225632031825826 0.07777507475773363 0.08940098960843983
3 0.19728636531556826 0.5131002055837677 0.3303515876703093 0.7663233945717888
2 0.7749578972465535 0.5487845134167788 0.11062042574646931 0.06992972376899793
3 0.763364833384583 0.5573946889111466 0.3205831037618527 0.804511809422495
2 0.748368628052917 0.7157152873019923 0.10957137797604233 0.09939870248167466
2 0.7405946968585659 0.8156606569801614 0.07690098960843983 0.07690098960843983
2 0.7276198134346419 0.9450750053710071 0.08736859604505724 0.09318155347041035
2 0.7662434509690652 0.39273125537100706 0.09016581411407198 0.08871257475773371
2 0.7699907998641139 0.2493254627963601 0.08852690445914604 0.06527507475773371