3 0.68671875 0.4064436395196217 0.03125 0.6275509151526906
3 0.65703125 0.27214825891467787 0.015625 0.2075254575763453
2 0.62421875 0.4787329698250032 0.015625 0.4637754575763452
3 0.615625 0.4114657214919931 0.053125 0.6418365557595742
2 0.6078125 0.5628847002801658 0.0109375 0.12901782030344186
3 0.5609375 0.4253048230092018 0.05 0.6603314642443051
3 0.50390625 0.42996024316286235 0.04375 0.6598212812137669
3 0.46171875 0.43652897861899487 0.0265625 0.6584182778797871
3 0.43046875 0.22111114377168556 0.0171875 0.09515300333397984
3 0.39453125 0.44045094619727987 0.04375 0.6551337812137671
3 0.34921875 0.44258727316868135 0.025 0.6582907321221526
3 0.29296875 0.4487414204435246 0.0625 0.6644768303053814
3 0.24609375 0.4025677931725607 0.021875 0.4314731406068836
3 0.20703125 0.4534126871134241 0.03125 0.6588009151526908
1 0.91953125 0.660095571632076 0.01875 0.07028054909161448
1 0.05390625 0.7924746713616085 0.03125 0.047863415152690617
3 0.89609375 0.442477507996594 0.025 0.24579073212215263
3 0.83515625 0.4880767925443409 0.028125 0.3085458236374217
3 0.765625 0.2335963287590777 0.0328125 0.30267846091032524
1 0.7640625 0.6266926245167121 0.075 0.19362219636645772