3 0.7477101481763888 0.035604281999136886 0.02536367591180557 0.015770445745273885
3 0.42482981373586776 0.34548677946505413 0.12543641109416673 0.019477228726369412
3 0.5688330804533678 0.40258218285945857 0.2746025693385416 0.11876922247985355
4 0.7891092128621872 0.40542642348968466 0.1424083183886113 0.144559041958086
3 0.2733751100886455 0.4071141049934107 0.2369570989738195 0.11230105386194253
3 0.4395339722645833 0.04943848126045221 0.5771443814588888 0.028354342500378937
3 0.3455020703853815 0.5309879422292324 0.36526393692972237 0.12085896330647117
3 0.762826001899861 0.057570185589933064 0.05505117591180557 0.015943162567786627
4 0.7630344092912148 0.5521696132830302 0.12816398043270852 0.13666472872636942
3 0.4312564260087147 0.6064970023376911 0.16598867591180558 0.016588578062439473
3 0.6006233686380202 0.6481128514773694 0.34215243882958324 0.06760669827935661
3 0.21537619966006888 0.6497783279642435 0.09505923328250007 0.056795421544777014
3 0.8431920751350341 0.6667139023142499 0.0315409407294446 0.012681807181592397
3 0.7569208408056944 0.0762883693331544 0.0409159407294446 0.012736349336070063
3 0.26086857798482577 0.743024333916172 0.015153527735416717 0.04695681323171641
0 0.47089754141569384 0.7497157372123805 0.08372299620027804 0.10672269867214013
0 0.5802543576201036 0.7511333123479538 0.086920731382639 0.10986587939029917
0 0.7154106076201036 0.7519196284083407 0.09327983415618064 0.11458974082661796
0 0.3441895710509716 0.7552294181269316 0.10210932028847228 0.09120678298109546
0 0.8370310344818396 0.7635661764165509 0.08982752583555573 0.10050906010845857
0 0.33223247207715206 0.8661123759724539 0.10494337955902786 0.07872496369925486
0 0.45080063412124927 0.8746157432625047 0.08441267401194459 0.06923178903121965
0 0.5803426637565271 0.8816202430661131 0.08895470364722229 0.06300906010845857
0 0.6967125461653465 0.8838599748175445 0.07652743882958343 0.06606133723582168
3 0.2576500461653465 0.881305583916172 0.015298998100138928 0.05320681323171641
0 0.820894928574166 0.8861451583643742 0.07042290919430556 0.07227497579950323
3 0.32285431212034715 0.09407829468856048 0.3497467332825 0.05827715007475476
3 0.5773417903688541 0.10415377321853818 0.030087543502986237 0.017360216822512743
3 0.5884766992788192 0.23001683645025475 0.3200618461240278 0.19246125253408275
3 0.2898391775273262 0.23687432786604776 0.29160953780340293 0.17823512607064967
3 0.4228556185411111 0.027463487310576407 0.07856141109416673 0.01920451795398088