2 0.716201447872978 0.54765625 0.013387470601357875 0.0765625
3 0.4986277662812008 0.4359375 0.9311790739468313 0.684375
2 0.45406329601852724 0.584375 0.033797304386270176 0.3765625
1 0.46749278945980655 0.840625 0.35368492198083884 0.0703125
2 0.3688417689947342 0.50859375 0.016921906377006656 0.084375
2 0.37198445838842764 0.61328125 0.020122149479601604 0.115625
2 0.2726672953411587 0.134375 0.01717421189493056 0.059375
2 0.2819924649471483 0.35703125 0.01305327792830413 0.1
2 0.2067987924004826 0.4875 0.036384473087748684 0.575
2 0.1827493815009202 0.28203125 0.016007859565509895 0.1265625
2 0.11956546528583256 0.58203125 0.020265991632256997 0.2078125
2 0.09844962460351525 0.31328125 0.009197937584671046 0.05625
2 0.08010789687760983 0.69375 0.016021147670579338 0.0671875
1 0.06427925825214204 0.86875 0.033870388964152065 0.05
2 0.9240272359780473 0.48828125 0.05786332541716917 0.5078125
2 0.8815254754625979 0.42265625 0.016430583446228296 0.075
2 0.8781005823145744 0.4765625 0.014533890773174107 0.0984375
2 0.8814070460185273 0.584375 0.01379690637700648 0.084375
2 0.8447337251239138 0.19765625 0.049659163274411354 0.053125
2 0.8001991530976463 0.2125 0.014622421980838851 0.0703125
2 0.8022739874483854 0.31171875 0.014868083446228298 0.075
2 0.810128510288307 0.49140625 0.026106555856608083 0.2
2 0.7841824067156908 0.309375 0.020374454997525503 0.090625
1 0.8061049101065928 0.83203125 0.03855124491161739 0.0796875
2 0.7908263116223594 0.5703125 0.019371876978364354 0.1609375
2 0.7506561765033946 0.19140625 0.022667295341158678 0.134375
2 0.7592476837394838 0.38515625 0.021998909995051184 0.18125
2 0.7408462437799636 0.48125 0.032630952056849516 0.44375