2 0.3841038415868285 0.297259544716725 0.13601274310259495 0.03281359468490823
2 0.5334421002932558 0.3161742714035422 0.1435795816372057 0.028217001352635496
2 0.5456012635676674 0.36940835940481487 0.15303646879233562 0.029888589353908125
2 0.33793260572032263 0.4591231980426344 0.1452239687923355 0.029797682686180948
2 0.5553657671857118 0.4663379034054512 0.1527089201718166 0.023638589353908123
2 0.3048644781761313 0.49855786803786195 0.1331334045679843 0.037464732017817325
2 0.5560142203742153 0.5085072220719058 0.18420458163720568 0.028689716024817003
2 0.32257760063194 0.5385834313733163 0.17055151741285454 0.036338584022908196
2 0.5370838359326189 0.5793373427354969 0.15476274310259514 0.033031770687453485
2 0.5543023134313817 0.6248225654041786 0.2028726944820761 0.027345392027362435
3 0.7479671042499846 0.640349210097041 0.1629780348257091 0.0706044960216353
2 0.5226262675243962 0.690819735399406 0.1483489687923356 0.029834045353271676
2 0.5458933491616019 0.7176367740690422 0.1450601944820761 0.02667268268618095
2 0.5757246913142573 0.8101151754057694 0.2420989687923356 0.03092492536599849
2 0.27720198213286024 0.8199147000318167 0.21389208163720577 0.02903516136218052
2 0.5191272105361342 0.892218603397497 0.12680151741285464 0.03582950668363551
6 0.09523833615976154 0.14867440467854492 0.1297494549975256 0.0920795066836356
1 0.7352392164174864 0.1889139794318591 0.11890048620519007 0.06384541868236289