3 0.305695994397326 0.4324742900562506 0.09554376975472278 0.6882217528747221
3 0.3863115211828122 0.35213338769990815 0.04117443313000013 0.22814412384546295
3 0.38156424411298556 0.6230904366631489 0.059525696047778 0.27964783524981485
1 0.3818142447785756 0.8468307330344915 0.18946384992375007 0.10077912441111074
3 0.4231926189223607 0.4089404622993064 0.046368466564999974 0.11632762902925915
2 0.4348905722852425 0.5427980524500935 0.030926610941666866 0.1898239176249074
2 0.45486149943131915 0.3547122920825009 0.025620861891597357 0.16285131451462947
2 0.4657035079806938 0.5923394311965288 0.03208906743868063 0.17277311866166656
3 0.5055329934473954 0.38848240786944543 0.05145601006798621 0.13392523213953691
2 0.5232257204616314 0.5662560933548159 0.03561411094166687 0.1902340207351852
3 0.5570435549021525 0.25221342572990846 0.05923736815986143 0.40124943317629624
2 0.5527859338924995 0.56912752365639 0.03488675911805572 0.1589840207351852
2 0.6048757639646175 0.5419601394433344 0.0216607137152085 0.19369121140435192
3 0.6262650271667358 0.29293687907574195 0.10694620991548635 0.30718636635259244
2 0.679712109804305 0.5424297396788902 0.061885670212222264 0.18005793836009243
3 0.7009572090624651 0.2326056803480569 0.06697713297750027 0.39880793836009254
1 0.6947513090831243 0.7672151262010198 0.15225479065319442 0.10999829952888848
3 0.747026243163055 0.5646082445798626 0.049568814588889155 0.25382762902925915
3 0.7594587336637497 0.2984364404328256 0.07155291736243079 0.2604289435438888
2 0.8146378493550692 0.23903275466463123 0.04855052203583341 0.21007762902925914
2 0.8223171838924994 0.5455465948154183 0.02238675911805572 0.15789041244111104
6 0.17216779426548542 0.8098166229969911 0.10349128875333342 0.15874886635259244
1 0.1929817081125345 0.25053936781319486 0.05984908510611122 0.09255793836009243
1 0.1912327976839579 0.49316636522129664 0.06137652393569457 0.15818293836009262
3 0.24926350323104124 0.47873342686120424 0.054951218083611496 0.48507762902925916