2 0.3228251298433683 0.2849877315910929 0.02336999050069464 0.26612510517284943
2 0.37944795070052145 0.7722436906831508 0.0156626740119445 0.0691591769596041
1 0.05984592514930628 0.8605343347188784 0.037173998100138925 0.05417067445232178
1 0.4408783728126049 0.8958235946815012 0.2889547036472223 0.0708653956185735
2 0.42800228590354183 0.24198554084143523 0.0186811840799308 0.1988466769596041
2 0.4393262180836115 0.49370716521461466 0.016065330356458497 0.22063074874635866
3 0.46883122691732676 0.4531874652937569 0.9140405030372227 0.7635963972014188
2 0.48095589931375066 0.772855107613625 0.011229747150208347 0.07996028463973612
2 0.5514378262723959 0.14486415142456108 0.01090243882958326 0.06589778463973613
2 0.6081723627446187 0.7710916823033734 0.007850174011944589 0.06893185642649087
2 0.6258747818194793 0.15639869648913843 0.01460932028847246 0.09098871285298142
2 0.6415218848773614 0.3590606952354972 0.013119555470833433 0.09406824874635884
2 0.6868246928167367 0.7960211376345075 0.012246733282499988 0.056568248746358664
1 0.6985635862434729 0.8978564222742437 0.0481478656913195 0.056051423198680436
1 0.07425969006385437 0.23871917069139797 0.04811149810013893 0.05448892319868044
1 0.7251436168286812 0.8658395441401406 0.057777438829583264 0.06726170783841638
2 0.7329515443560075 0.6310697390464333 0.010140025835555733 0.10022732053311341
2 0.7919927039315627 0.28302469563120863 0.01798889342673604 0.10201714106622681
2 0.7982992149494794 0.38626335589776534 0.01569904160312525 0.0707216769596041
2 0.8110226461796186 0.6645702123242561 0.014536585106111133 0.08786371285298138
2 0.8339315096867367 0.5754538880302189 0.014209276785486225 0.07380121285298138
1 0.10584875617135489 0.8579692758642474 0.048366071238402863 0.06542642319868044
1 0.9603751087574655 0.0708837114663262 0.04491376291777769 0.05127299498543507
2 0.1272216891139238 0.2668047182632578 0.02078919794763907 0.22232964106622682
1 0.04890907835968825 0.8937871039192082 0.04491376291777782 0.05127299498543536