3 0.6645259171095448 0.29008384692608624 0.28118609818322876 0.0455926109788372
3 0.6458398189263159 0.3280384879923131 0.23574605242559432 0.04271165188677948
3 0.2629317240770669 0.3594442300082473 0.19649210485118865 0.0774216210079671
3 0.6776800081657719 0.40583086738005736 0.3204078369733413 0.10596782132453626
3 0.6638888330111415 0.4888479558598595 0.30143469636645753 0.08359271615168673
3 0.24673341285748096 0.5578817300082474 0.21020391848667064 0.054438762074194
3 0.6444853866446838 0.5642344007661523 0.2584819218206505 0.07299018527287444
3 0.5360832131570433 0.6414310497499379 0.12563747091226496 0.08783027210332364
3 0.26221527845951526 0.6642082863555958 0.22378792848861026 0.10627404671392995
3 0.6405477014881138 0.6984048122863502 0.34980855242559417 0.04603053167023532
1 0.11219968981918413 0.7737915380049484 0.10889625212603189 0.13098923871722884
3 0.2511665949699352 0.7900122684089071 0.19056109818322886 0.04295569279472176
3 0.6418713433029453 0.7872172596999254 0.2894768303053814 0.07077446740532807
6 0.16985075908385577 0.18211250336521229 0.132142562427534 0.09113712852981451
1 0.7163431218109522 0.1708875660472739 0.1322064642443051 0.053728056743059846
1 0.5198667345380485 0.1812808114284204 0.19107128121376693 0.049205692794721756
3 0.26474905771642826 0.2798931223281153 0.21865414727484325 0.06247858260730732