3 0.6661765293668582 0.5208185416394483 0.08361453512239478 0.6777827488188736
3 0.6146549359827166 0.52604918946253 0.03027032474278979 0.3697321466419554
2 0.5781305869412341 0.28966525616008576 0.03226812021691714 0.17609127404661712
3 0.5478946828594585 0.5971404502623032 0.02807149960721649 0.2603025829396245
2 0.5365698008368807 0.26165681804831814 0.029179481653235584 0.18223214664195542
2 0.4946868278660478 0.312527348085385 0.029524915298260977 0.24160714664195543
3 0.48583556527481997 0.670739152169069 0.08343168617910823 0.37783731252120456
2 0.42503740319801275 0.2897867633316619 0.01830561416679295 0.19278770072563942
2 0.394019207354543 0.3285392392850448 0.026290830989305645 0.2227480192372937
3 0.369120243066113 0.6135491563454203 0.17171241529826115 0.24657244355406327
2 0.3539572887366321 0.289647864875608 0.04491356596219109 0.20152778366526397
2 0.30001922247985346 0.28229666714519347 0.05741356596219109 0.20196429328391083
2 0.25326694232742836 0.3017535060752678 0.026009029857837616 0.1743105192372937
2 0.2509424148072818 0.5734920968194407 0.05893970452587256 0.1957688569862416
1 0.21797836123992673 0.14352185462398898 0.13190450585373253 0.11708335099579185
2 0.18533000858420698 0.30484873502387555 0.027707885244031828 0.19780258293962455
2 0.17533842680933437 0.6013145072563941 0.06695219242562418 0.23041667549789596
6 0.7867965389330239 0.17510179227242048 0.09921927088084707 0.1378125132468439
1 0.7519650802037388 0.7667337315653145 0.0586124515990063 0.13951885698624178
3 0.7277952854169825 0.505786307881517 0.0331407946885605 0.32609127404661714