3 0.26421307044438763 0.4670994539347591 0.04981845205684952 0.4457627858927715
3 0.32753526402195254 0.46152303754315654 0.0965650565339768 0.6547359668065209
3 0.404181893940993 0.6471393835991087 0.03941878335537101 0.24732528589277153
3 0.46660665083839803 0.6735350176224248 0.08499023292582972 0.1963081601678251
3 0.5301290767759658 0.2780915404429416 0.08545497964646938 0.3239595634871731
3 0.5714423942796774 0.41035866616788785 0.027279552238563553 0.10478258838228224
3 0.5736722003634281 0.6350743236364206 0.061048121889981745 0.2442953742750536
3 0.6288011929001963 0.3997870964569375 0.07143898801421233 0.11591026514684702
3 0.6314470788121307 0.6462593547553073 0.053248909995051184 0.1845651767645647
2 0.6851563342391975 0.4974540792354981 0.09612472749876275 0.05241645020978147
3 0.6944384017429093 0.6321483879487863 0.06746854025277607 0.21832487012586874
3 0.7376406043655855 0.38687085413060734 0.13640224672063966 0.137952131123531
1 0.7625698467908121 0.8020688790257167 0.1261264880142125 0.12005423610255299
3 0.7899965632082984 0.6202385385688418 0.06780273292582972 0.19500576929603178
2 0.7990141163513732 0.4927171898135973 0.07844590456798421 0.04173905933798814
3 0.8313739942342486 0.3058441518462335 0.043519785164393456 0.29588118506293437
1 0.863585628675845 0.37421472093248387 0.07503089325956509 0.6001901767645645
6 0.19307289631584226 0.8148750257203019 0.09018898801421234 0.1173310551888033
1 0.23953505427472854 0.2549788848485086 0.06067190637700657 0.08863737012586892