2 0.6010589806778883 0.3821407083884276 0.028789721228877595 0.2884826458615571
2 0.5388739168907394 0.7060418758467107 0.027772858252185985 0.30402575870642734
2 0.4707539217848808 0.3706156309350933 0.03329368275429019 0.2388101944820761
2 0.4470683628070554 0.6902730336940552 0.07028774046617112 0.31561171189493054
1 0.3774478990042081 0.15127140942922435 0.15425596878180672 0.1297361668924562
2 0.313876439208076 0.3803956654221181 0.03262404935917864 0.3089589201718165
2 0.24957832623138457 0.36137234848423344 0.026681584205568855 0.27277575870642734
5 0.22690226198089958 0.15903524253676815 0.1120684687818068 0.12752521370395287
3 0.15206837605389933 0.5761950870642727 0.032772871499029944 0.4025451458615571
1 0.13277031606458356 0.16505951322898305 0.08715774881887364 0.08410940637700662
2 0.11126979438021915 0.3549065852552504 0.03783733901489232 0.2795989687923356
1 0.07303809656498661 0.7325026407731744 0.05733636188038309 0.391355340343633
6 0.7987846964644701 0.2336190784693871 0.08621529691210802 0.14644563206674704
1 0.7455926536438955 0.8154931982116622 0.07073414065150559 0.10508364767057934
2 0.714032695831498 0.35205813998020485 0.03652781015895172 0.24209896879233553
2 0.6884746128070554 0.7029245991616019 0.07940976932211168 0.35352114767057935