3 0.5160451450489117 0.3187838129095086 0.40163809471009326 0.03510702597128699
2 0.4142250398154747 0.3517793194023303 0.2067806210184525 0.03951033360249454
2 0.6678582740304592 0.35203486932290007 0.17158657366340577 0.024847815745587098
3 0.2699899214278581 0.3894174614468112 0.23288809471009325 0.032161483764650355
3 0.6543271240728115 0.39675703409555246 0.3115591262801244 0.04290016071216733
3 0.5703392609468667 0.4317826448904453 0.14382559471009343 0.030606892044480815
2 0.33284696622265597 0.44919583604142177 0.23445059471009327 0.03218875730360064
3 0.2738436925451327 0.4572498437520595 0.21697466837349913 0.05373647483619663
3 0.6351760346949773 0.49777010917663034 0.28340330517696727 0.09547968993316047
3 0.28167233212061105 0.5640356319015065 0.24538809471009326 0.03237967207625303
3 0.6745500768589391 0.558738836855496 0.33637711575678075 0.04021153733537268
2 0.7069607584572051 0.5784649557680637 0.18288809471009343 0.03128873051823948
2 0.36463675056469735 0.5867816107981881 0.1958431210184525 0.039319418829842155
3 0.5466533190370185 0.6374559464325729 0.14509966837349922 0.05248189204448099
3 0.2935437295885971 0.6684094862035777 0.30491428413027977 0.08961151947846524
3 0.6658135717384417 0.708738836855496 0.36981124203690496 0.07825700811437955
3 0.28419257443986473 0.7887628965120032 0.272390210466874 0.06719104869945838
1 0.04264981654735697 0.7953204082798306 0.07891322625188951 0.0684966298696164
3 0.5482627797156541 0.7974212816599205 0.13956229991529553 0.0914080243497292
2 0.36846188765051413 0.842704328330784 0.2212981473268118 0.04756829545304768
1 0.6920748369587599 0.11045134131972285 0.2554911368034681 0.04504331330995508
6 0.13859352118786172 0.13962378733866804 0.12577281570031093 0.09585006249917619
1 0.7077229527861276 0.14998144562179397 0.2121961631118273 0.052092154219345585
3 0.5479160423051364 0.20037868628630315 0.4844505947100933 0.03655252353565501
3 0.5153695818382623 0.2633832467568844 0.7263342578219205 0.08916287499505708