1 0.5848777242968375 0.16312089298230498 0.12365767589344294 0.05227233020561535
2 0.5295947277196975 0.5392409965689307 0.2945140039543327 0.03929100100840621
3 0.5053600261602731 0.3072043927302034 0.6913200197716636 0.14182468321116345
3 0.49164108296662457 0.4323847091900639 0.6773503616727176 0.18135707677454604
3 0.4714148131949611 0.5249874724316157 0.6407178419010542 0.08531260325764958
3 0.46580680034337985 0.5857064511442922 0.33303267589344293 0.06691325645628776
3 0.4621751229670621 0.6363784405006305 0.23864600593149898 0.0447326178365838
3 0.4768795404947291 0.23705042985696873 0.35908583992388793 0.056270687398537335
2 0.4239853507611217 0.34303834990345494 0.12432883794672148 0.030506590849277072
2 0.38345319266217587 0.2994633125245881 0.10363433596955511 0.019711202481674482
2 0.37082320007654973 0.26332371673163246 0.15344333498097198 0.018520043078850003
2 0.2425735246773983 0.29587985459503197 0.1348843359695552 0.021896415354909226
3 0.18045825486855377 0.7819923172161651 0.10095500494291584 0.030430181194351036
5 0.06488628749179853 0.6187824870105498 0.088768022737413 0.11371257475773362
1 0.8441718112549758 0.16401602950832211 0.07432883794672165 0.027010250252101554
1 0.8206852317112112 0.14435373953156522 0.08376750494291585 0.029228314114071986
2 0.8139829510651329 0.2896116092097344 0.1538200197716634 0.10423902179152655
1 0.8070100508748524 0.21077641502593308 0.1578708498097196 0.08894180372251181
2 0.7657245231945236 0.33951342022171316 0.15844916996194378 0.026660325009835263
1 0.715625 0.996875 0.04375 0.003125
1 0.7220263309522772 0.854335390888618 0.1430443458553869 0.06920845792955603
3 0.7490794871484188 0.11349186960129454 0.1602026709505271 0.03145708565349699
2 0.6973313033463103 0.19135478964778077 0.0709146778706092 0.057932468321116336
2 0.652066588403832 0.4177480448435609 0.14438666996194396 0.02567697921687966
1 0.6232398873386991 0.18303990907384837 0.06377333992388792 0.0356204257464694