3 0.4209747455241798 0.460630240762293 0.13013420418973976 0.7165175617576247
2 0.5369744895072002 0.7618865153728992 0.06111438001107459 0.17489235141192588
2 0.5184412284053167 0.43617346153283326 0.05135984577334831 0.120022994985435
2 0.5640843954318948 0.43048340267820234 0.043787177667036124 0.14787521034569906
2 0.6075037284053166 0.43876491561032605 0.04841412091177588 0.1714036385589443
2 0.6593000724806221 0.7724639656894683 0.05486438001107459 0.17471049498543517
2 0.7139980644610576 0.7498819235278849 0.082488732262828 0.16771634890464338
2 0.7101781454318947 0.43473429664742297 0.08036502775932135 0.18325042069139794
2 0.7786277567829469 0.4320472173388209 0.05955188001107459 0.17484688730530315
2 0.8128255906792194 0.7831694481384911 0.04154235965300899 0.21019335391920818
2 0.9211156454318947 0.44087195104148497 0.043787177667036305 0.1478752103456989
6 0.28874534545958136 0.8552571159934022 0.11556204811738686 0.14840405925034225
1 0.28388934839424207 0.2562345942857898 0.06492169802510181 0.11261967194503919