2 0.6033036818965096 0.7218232967006493 0.01664312021691714 0.17636701036759242
2 0.591935431601922 0.5283856549947233 0.01852378278470379 0.23119121140435173
3 0.5403683864223823 0.5336780392077788 0.2437349445669234 0.8240402586241661
2 0.3844830425472612 0.2162348439204637 0.011664728726369412 0.12595690725731484
3 0.34195815749962105 0.5463515708762043 0.14671449882164964 0.7905647943450923
3 0.24196270267916087 0.5543191872287967 0.06693609523085345 0.7679680414703702
3 0.16306099785870068 0.5604413395851392 0.10125655307637578 0.7616004642790738
2 0.14398829011137426 0.6175505020262503 0.016379499803608245 0.13105451036759258
2 0.13171152478967202 0.44605621083870395 0.023438541761694243 0.2706638145146297
6 0.8328165242986927 0.06489209262451463 0.11637040944452863 0.12978418524902927
3 0.800663974345575 0.8896185150322238 0.022056807181592576 0.033163814514629665
1 0.790036067435129 0.7031437728079182 0.09818401170746505 0.2334754642790738
3 0.7106808864223823 0.51877762620102 0.08283380600324186 0.8162100518379628