2 0.32653380902830403 0.7932895262168053 0.04561248184962743 0.05261716014423605
2 0.33263277634179617 0.4985764382609025 0.06914997579950324 0.07035017401194459
3 0.33458057484098563 0.29615995307854137 0.05918514422102224 0.23728310087368057
2 0.4092690409761273 0.7780807938842358 0.05350679508134402 0.06686149810013901
3 0.41914647238165764 0.3270086031547913 0.0666067587805987 0.17027743882958343
2 0.4450282372123805 0.47798922169590236 0.11939541549465282 0.11370143692972227
2 0.4598593934354554 0.7440863471708676 0.05377950585373235 0.11373649810013901
2 0.5668805113146815 0.4712462995838189 0.06929542154477701 0.0953501740119446
2 0.5942571193331544 0.7448649843293398 0.12558178298109546 0.10290940729444457
2 0.6676253998783631 0.46265058995267305 0.1160704275949012 0.07925370174736131
3 0.6774811471478885 0.2764585168144092 0.11996810811666876 0.21213893692972227
2 0.7792623366466465 0.4459878071832632 0.09426815046753809 0.09124455547083343
3 0.7875828549934107 0.2645196016361799 0.0887544695529872 0.21766158510611122
3 0.8563374001729507 0.2637006776242354 0.029497644221022058 0.23659211664125
1 0.2515680869412341 0.26371243541111095 0.03646474082661779 0.09146145459715278
6 0.2706337878528694 0.8547550094993053 0.08971700585373252 0.1145729526972918