2 0.5435313153612729 0.38079913093392526 0.17268048340326062 0.042164120911775974
3 0.7393766116270064 0.4003465746400904 0.19394017676456468 0.05596580505721711
2 0.2562448029137182 0.38571266424880085 0.1650581601678252 0.08521321406423077
2 0.541792139221408 0.4296674275101527 0.2218283784242386 0.054643136950904926
3 0.760590606027929 0.5058851758121097 0.26370914772027054 0.11485874614248867
2 0.24146209772955926 0.48816703577888576 0.16617037427505377 0.058850973163529476
2 0.5354255852820046 0.5303287615633088 0.18357136182749906 0.08328976866002265
2 0.28007615706754746 0.5668322563215215 0.15677206348717299 0.07846256631598418
2 0.5301712454498297 0.6046278547157635 0.18250576929603196 0.06922726866002264
3 0.7266201929603189 0.6218816131967533 0.22448162697434615 0.15121774830195706
2 0.2914648655756987 0.6453077097452941 0.2006637734452168 0.06261632325581452
2 0.5103924643309432 0.6616695966961991 0.1533151767645647 0.05336243676633483
2 0.29115813487173053 0.7028198210963461 0.21737767676456468 0.05746774830195704
2 0.5721596811374642 0.7278243252583992 0.20416728174358667 0.047291711904762404
2 0.31288069213512626 0.7842898665928393 0.22471658008391254 0.051718396050203806
2 0.590331185911349 0.8137315468807692 0.2544991684661948 0.07539572794389145
6 0.13344222987877552 0.13994148442229637 0.12055114357108562 0.11345932757475112
1 0.2608577574731772 0.1900892836194174 0.1267060551888033 0.09208497532299771
1 0.7229083941957855 0.24457743599114248 0.09223596680652087 0.06810725478036198
3 0.5313138126619805 0.29138617751015267 0.7308015593379882 0.12302261103728504