3 0.28463338630545076 0.72734375 0.03314372758291686 0.215625
3 0.29752177811666636 0.375 0.04190178495361128 0.25625
3 0.3477211466577774 0.4 0.07187891926229177 0.2015625
3 0.3810362608304855 0.7140625 0.04684385809187521 0.2671875
2 0.4407840816876387 0.228125 0.06039459897381949 0.1109375
3 0.43666866499079804 0.70703125 0.037396122909514065 0.2640625
3 0.4575325577519441 0.38125 0.08070971181534752 0.2453125
2 0.509224303952222 0.275 0.06820709897381949 0.1109375
3 0.5001856511230897 0.73046875 0.043246079406528005 0.246875
2 0.5185577106779856 0.5453125 0.1135195989738195 0.1109375
3 0.5459163784216661 0.7125 0.03666877108590292 0.2328125
3 0.5649631980445482 0.39765625 0.052947081306389164 0.19375
2 0.6012488030022914 0.2484375 0.13739351006798622 0.1296875
3 0.6177251753431247 0.3796875 0.048768727582916685 0.215625
5 0.6152099326582285 0.78984375 0.11054137575930571 0.184375
3 0.6673251318401385 0.396875 0.06105052203583341 0.20625
3 0.7069266136040271 0.709375 0.04117443313000031 0.225
3 0.7349854105254858 0.3765625 0.06504834422416686 0.24375
2 0.7439934685617704 0.56015625 0.09313436379145834 0.1078125
2 0.757936520517222 0.1625 0.16315722948277783 0.1625
3 0.7803095622172563 0.71171875 0.03975740349472261 0.23125
3 0.8264403330188188 0.6765625 0.033181401594861624 0.284375
3 0.8469405498681596 0.36640625 0.05538240349472261 0.23125
1 0.8846607150463885 0.25625 0.06090505167111147 0.2
1 0.8909905294478465 0.8234375 0.09615287385944456 0.2375
6 0.19442334755211732 0.87734375 0.10120143692972236 0.11875
1 0.20649412177215232 0.5265625 0.06937086189159736 0.1609375
1 0.23684081088607617 0.26328125 0.069152656344514 0.1515625