2 0.6783679214464934 0.3343934017903042 0.03197996466513899 0.16611592370110612
2 0.6749214920193061 0.6228519297934814 0.05040396276527801 0.21954093262956
2 0.5881423117390975 0.3195553802799487 0.030926610941666866 0.18796365016215583
2 0.5795908082237158 0.6237343656694521 0.0739869331300003 0.2262000357138149
2 0.5111434006449308 0.30214178368851535 0.03495949430041669 0.15992047077900678
2 0.4738810964083683 0.38016737216227386 0.02216855357097245 0.14720228246740402
2 0.4761566836986811 0.6122531692401745 0.03924825721819456 0.20997501785690745
2 0.39085626975472276 0.6747043506519184 0.04757120991548636 0.299146612012709
3 0.3648866496950003 0.3312679963498473 0.09081206363895848 0.2780352711033183
2 0.2820430077868755 0.6000100880700167 0.034450348023889 0.13804547077900686
1 0.15280030452090287 0.11769424026076739 0.07885365824437507 0.09977390340856669
6 0.826910604957743 0.13484559497317083 0.08274237765916652 0.13264095048646735
1 0.836513608660556 0.6481677552815963 0.07220622758291668 0.2167977621748646
3 0.7763501733463544 0.27953653206695755 0.03070971181534752 0.24574887662320535
2 0.7779192054501742 0.615583126222759 0.04458906743868063 0.17102161201270896
2 0.737875433698681 0.6076848514659926 0.031652656344514085 0.1520534237011061