2 0.3037159203091316 0.47200815838861054 0.03968466831236128 0.23113242280870364
2 0.37575457446944405 0.47126515607953634 0.04248235999173629 0.21734332488222208
2 0.37682153951583275 0.7281303107449529 0.03278005167111129 0.20246061866166656
3 0.41921232731923563 0.5549169861455547 0.06894228932201436 0.5502337373233331
2 0.5162470622172564 0.7583338035349063 0.03663240349472243 0.23398402073518518
2 0.5306044222089927 0.5450915097554618 0.03528680262104196 0.1761715207351852
3 0.5850366958603468 0.5944756465604155 0.08039024201930615 0.6401164435438889
2 0.646447627756076 0.5458323864756469 0.032561846124027835 0.19308561866166657
2 0.6412464090068744 0.8029319869940265 0.039646994300416696 0.16251912384546294
2 0.6885941876922216 0.7867205180968042 0.03052656743868063 0.17263641762490725
2 0.7295510684855204 0.5405775414238875 0.06054137575930572 0.18929623732333312
1 0.756907123387673 0.8451474642325911 0.07300500816812523 0.18882734561740727
6 0.1143182734639229 0.8734750391612961 0.10174695079743068 0.15079966531583294
1 0.16174858548736082 0.3492070624883793 0.03782861474138892 0.08439412384546294
2 0.20282491432520794 0.501540542036018 0.027982142476805638 0.13031221658814812
2 0.25363861265409665 0.7063934288409717 0.03863000816812514 0.18581992280870363
2 0.26610616432520795 0.507076934024768 0.024493466565000066 0.11441381451462966