2 0.3858134865634717 0.2865321948077198 0.136195105233437 0.03359552434972919
2 0.5352520444418621 0.30112870860743746 0.14373458944842135 0.029044392044480994
2 0.5477212233387049 0.35409006737373544 0.15320059471009326 0.03077053327818291
2 0.340590533777344 0.44998676867098164 0.14538809471009326 0.030634165583431284
2 0.5580510495623596 0.4508832467568844 0.15283657366340578 0.02452053327818291
2 0.30775491794997617 0.4904441732973643 0.1333431210184525 0.03822847727182861
2 0.5589456916274995 0.49309802029583477 0.18435958944842135 0.029753504057189774
2 0.3257005521226083 0.5300151879078608 0.17075211575678076 0.03732054220663663
2 0.5404301810335687 0.5645872366106147 0.1549451052334369 0.033922806817133375
2 0.5579130836220523 0.6096406379905865 0.20301858418674962 0.028518286524593962
3 0.751655378346263 0.6195536059302195 0.16337923151356132 0.07153190097293471
2 0.5266245572431059 0.6766605426169692 0.14851309471009344 0.030688712661331864
2 0.5500466466915273 0.7028412130716644 0.1452060841867496 0.027509165583431285
2 0.5804159571301664 0.7945923364484588 0.24226309471009327 0.03232512499835245
2 0.2819707518543771 0.813096469157449 0.21404708944842143 0.030271701297246167
2 0.5243017359987743 0.8784685044675221 0.12700211575678075 0.036556883116027096
6 0.09609999722798974 0.14612893181878098 0.13027830517696723 0.09280688311602718
1 0.7362923577230985 0.16780019115756709 0.11926521046687384 0.06451824188232513