2 0.3645164340202344 0.46256382927801365 0.03719744355406327 0.17213260523343693
3 0.36472722122887746 0.2668418056004903 0.0504067716843644 0.19317314732681173
2 0.39804821895144277 0.7502612503529358 0.08056549763774737 0.16374325256024883
2 0.4139261569783924 0.4651659135353503 0.04826391832631991 0.22111613680346806
3 0.46895092975906516 0.24746320306847638 0.10738594718226047 0.2619833314853265
2 0.5027456426352401 0.7668656504517578 0.05411212504240907 0.16532116311182748
2 0.5159797302993702 0.4733130715266801 0.07809526206571764 0.182311242036905
2 0.5781623048862923 0.7295938926298373 0.074042679126093 0.1555667315135615
2 0.5913616762156861 0.4798823189664314 0.06403276206571765 0.18149219468185845
3 0.5892014315731637 0.28351555318141586 0.14497522721932726 0.22207096302712276
2 0.6560963319281342 0.7195748795462448 0.05687502649368774 0.19978716837349922
2 0.6508011636018145 0.500688371653737 0.048988115423762225 0.1525481473268119
2 0.7140725230351268 0.7208951848643863 0.05122522721932725 0.2166106473268119
2 0.7113095884667382 0.4400169111868631 0.0414137176006804 0.20356461575678075
2 0.7939956360118183 0.7005834138882862 0.04524804573098144 0.22405912628012442
2 0.7960566106992568 0.42333837442574734 0.06810519237293704 0.2534581999435302
6 0.1626414870076101 0.8688725553887288 0.11017858656782162 0.11868835779368574
1 0.2004911726723071 0.7421966633235888 0.08857640507947587 0.12522678413027996
1 0.20942216233587002 0.28058432913683923 0.06555556733052796 0.09114021046687393
3 0.27564490697839245 0.473219879193309 0.10188005788151706 0.7294592578219206