3 0.7279745195828733 0.521875 0.12923303824289575 0.7
2 0.6318145111018835 0.32578125 0.07537474398302031 0.2984375
3 0.5967338139996323 0.55859375 0.13990071406423077 0.159375
2 0.5783297632613518 0.28359375 0.08164572794389144 0.25
2 0.5126744848837217 0.2953125 0.0794009099298643 0.3125
3 0.5081590746400904 0.7125 0.0847497439830203 0.2984375
3 0.4371585549003337 0.55546875 0.061936400369140186 0.1375
2 0.395587114433371 0.296875 0.11541995064599542 0.240625
2 0.35922451958287327 0.521875 0.07898419802510181 0.1109375
3 0.3673838803156165 0.71015625 0.09272293028792991 0.2765625
3 0.27183394354928164 0.56015625 0.09953652991878954 0.1390625
2 0.25495162245293546 0.32109375 0.11692189389073526 0.2640625
5 0.21691499460132918 0.10546875 0.0865964389258032 0.1078125
1 0.8786916201365838 0.728125 0.11165460055371028 0.20625
6 0.8354938163159842 0.1515625 0.1273611412698415 0.134375