2 0.27655316011329323 0.3808341995662613 0.08490819368794007 0.1332316070321154
2 0.5621033409496521 0.4661451480527884 0.1243871877564409 0.10770997532299767
3 0.7351734264249157 0.48736571328903844 0.2194450197716634 0.1075678778516064
3 0.7038862757403436 0.5609441131967533 0.18641234387822045 0.06181528685861988
2 0.5673412806832594 0.575570212827613 0.07170785672980173 0.11524307063492074
3 0.7355792861204669 0.6120653246400904 0.2472861768820261 0.06415783929494338
3 0.7488233854358949 0.6884974167128111 0.24177100593149917 0.043544950645995506
2 0.3004813859301865 0.6621039859634559 0.07894735376405233 0.1016812183831675
2 0.5844226458160182 0.7270523696751583 0.08481535178688589 0.09270673658176473
3 0.7490581487817678 0.751628472388337 0.20311968281352524 0.08937908235511323
2 0.32005108110100133 0.7981614019102997 0.11475751977166357 0.1008591980251019
2 0.5838880880210835 0.8477956662513858 0.0623036818249421 0.07567992288667398
3 0.6984280904925415 0.866823873375786 0.15254667984777565 0.07211243676633501
6 0.21721796939110263 0.26326716532853506 0.12438718775644109 0.10770997532299775
1 0.7788067268054765 0.3343198588778167 0.19444501977166356 0.1059658050572172