3 0.33623887783772616 0.4610256699554566 0.03510702597128699 0.40032726400381796
2 0.3692343843305479 0.5606620432845476 0.03951033360249454 0.20510567067154534
2 0.36948993425111765 0.30670124928391135 0.024847815745587098 0.17056703866963624
3 0.4068725263750288 0.7024404632797753 0.032161483764650355 0.23157726400381798
3 0.41421209902377 0.3171205812778662 0.04290016071216733 0.3098113520050907
3 0.4492377098186629 0.39876093260663914 0.030606892044480992 0.14251476400381796
2 0.46665090096963946 0.6353251412715029 0.03218875730360082 0.23313976400381797
3 0.47470490868027715 0.6938370752705484 0.05373647483619663 0.2146443026734543
3 0.5152251741048479 0.329229135264185 0.09547968993316047 0.27917951734563584
3 0.5814906968297241 0.6785291539226854 0.03237967207625303 0.24407726400381796
3 0.5761939017837137 0.28554222258913997 0.04021153733537268 0.33477498933799976
2 0.5959200206962812 0.25171211525304915 0.031288730518239306 0.18157726400381796
2 0.6042366757264057 0.593872343252731 0.039319418829842155 0.19416817067154532
3 0.6549110113607904 0.4080888372454131 0.05248189204448099 0.1427693026734543
3 0.6858645511317951 0.6593422545751406 0.08961151947846524 0.3009817920114541
3 0.7261939017837136 0.2837968145687772 0.07825700811437955 0.3664613413430905
3 0.8062179614402207 0.6602860418921412 0.06719104869945838 0.26947725334181777
1 0.8127754732080483 0.9016650198918231 0.06849662986961605 0.07578179734245402
3 0.814876346588138 0.39528775055700505 0.0914080243497292 0.13541133601209038
2 0.8601593932590017 0.572140604551278 0.04756829545304768 0.2192590773392725
1 0.12790640624794045 0.2993540153166826 0.04504331330995508 0.2535977146721815
6 0.15707885226688562 0.8514704986473646 0.09585006249917619 0.12140338001272681
1 0.16743651055001152 0.28092164131127373 0.052092154219345585 0.20993862133990876
3 0.2178337512145207 0.4373983606381377 0.03655252353565501 0.483139764003818
3 0.280838311685102 0.4655773572963199 0.08916287499505708 0.7227658853437269