2 0.31156644664082583 0.40665101756119737 0.04779235965300899 0.20957498789975162
2 0.3455259322997398 0.669446454231285 0.05275926434108591 0.26270907825883116
3 0.394106441242155 0.3016231499765589 0.11213186921373293 0.38488406010845855
2 0.4807472432170532 0.41310607152133594 0.03773743676633483 0.15016362646343318
2 0.5212571175249152 0.671250369627742 0.0421431369509051 0.21891362646343318
3 0.5446280729512727 0.3431390051663614 0.10051444632705878 0.3254636083130604
3 0.660693163944259 0.3125526013791735 0.08472876002214935 0.3472386143631847
2 0.715702036554078 0.35663894466511936 0.05079624614248868 0.2564499878997516
2 0.7068441641011425 0.6778008723582165 0.0497553778516064 0.21583407825883114
2 0.7465272277962332 0.6561485861556672 0.03767688001107459 0.17359203610435348
1 0.7647603863418213 0.8594553933372595 0.09743380937615384 0.10677724082661796
2 0.8180760649317081 0.3689576583643741 0.04346580505721711 0.1908068071815924
2 0.8073448118493891 0.6705701553393121 0.04606917334809957 0.23143180718159223
1 0.8635084808785521 0.35515423359814324 0.06293290561092775 0.39709316861791083
6 0.15611537400332018 0.7957357225780493 0.09943640036914028 0.13802724082661796
1 0.20968017890365384 0.24037151170746496 0.07385660703211538 0.08008747579950315
2 0.23318661860464934 0.6906760387366322 0.03236761875230769 0.21260908430895534
3 0.260383480878552 0.35164535499341076 0.06273504163898184 0.2721386204133089