3 0.4932117643431523 0.32091217438581465 0.7119940577118811 0.09564070440669728
2 0.2737226651614589 0.4028966456185733 0.2602480192372937 0.032547041699365134
2 0.4822891333102935 0.4097473538527012 0.12356647477225646 0.05198370031656907
3 0.2744220696079626 0.40526312767188466 0.2689335384745874 0.05777436223247854
3 0.6164359548171726 0.4425862490755632 0.330000013246844 0.10793949828414036
3 0.2662970563611187 0.5035642353520167 0.2575049651536097 0.0433936134861197
3 0.6505629289564571 0.5178734055811962 0.4145734206885724 0.07137752414838783
3 0.6152231404818697 0.5668959272888086 0.3363392932839108 0.06597931881725376
3 0.29552819937487707 0.5622860174844703 0.30912202885594053 0.04645642900466811
5 0.10151281534679338 0.6090376823698804 0.15447422359113014 0.13248955423577727
3 0.4655281861280331 0.6657700333195878 0.38217758293962467 0.037655742015934204
2 0.6084051668907394 0.6949527311288746 0.32307540145127883 0.043740605964272206
3 0.6433158802302505 0.7030069235278849 0.4143551658792489 0.06512752414838782
2 0.3038987161651 0.7032974623907631 0.2651537740466171 0.038933434019233104
1 0.10616805509517432 0.7444667170096165 0.136924625042409 0.16631898495630537
2 0.2910514865835201 0.7576667136444042 0.26838790145127883 0.04214936223247854
3 0.6206744991973918 0.7915011221951014 0.3407738221398514 0.10357024703049902
2 0.2883332251507747 0.8131127315910931 0.2599752007256394 0.024734541699365307
6 0.13596723793428242 0.18226223370266398 0.13188989546082905 0.11154055674305985
1 0.7192956039061988 0.25163229163285805 0.11442957694917481 0.1032279515702104
3 0.4899528442875519 0.2574718000126353 0.32296627404661715 0.04061560596427238