3 0.6490531827612627 0.6617454260351673 0.0912987283335859 0.38696645407749275
3 0.5474401649054776 0.5158442411580044 0.11160317973620053 0.654699523356965
3 0.4787845719141194 0.26154553457322904 0.04525899960721667 0.2606479949854351
2 0.47631511952954614 0.642659142253361 0.03230448165323559 0.18215928213245364
2 0.396082197984769 0.5465904728156044 0.02582722267624522 0.14291492570596293
2 0.38761012607064965 0.29872963433580224 0.03230448165323559 0.18215928213245364
3 0.33919080678880886 0.30044524703049913 0.04236125858420703 0.29961956677218976
3 0.33023955024770535 0.6415332482841404 0.06153850546094901 0.37360263605166183
2 0.28686069232742833 0.30126594945863927 0.029288565962191093 0.20081835391920827
2 0.28303729732083915 0.58391932508546 0.025963578062439475 0.16635242570596293
2 0.21267025516636143 0.5724984402874392 0.06994083703942992 0.20668792069139794
6 0.8358562076491307 0.14461306498982307 0.08826359016268767 0.13379598997087014
1 0.8120167910743232 0.7461611931239261 0.06333631303532491 0.14556856426490725
2 0.7353674117822198 0.5947374339527262 0.03887264422102223 0.2370286385589445
2 0.7295794574527388 0.2711862736861694 0.03219539734428025 0.16340928213245362