3 0.47037894052534723 0.296875 0.34259029172311417 0.0375
3 0.45205498643233266 0.36328125 0.663960680687266 0.0875
3 0.48656610527009675 0.4203125 0.37639208163720583 0.0265625
2 0.5528971121675017 0.4515625 0.12351274310259512 0.03125
2 0.2053670149264637 0.4640625 0.16397396879233553 0.028125
2 0.5203435617379604 0.50625 0.11677142017181659 0.021875
3 0.6588328516520521 0.5171875 0.1940642605154496 0.065625
2 0.21767558514370874 0.52734375 0.2436548247398008 0.0578125
2 0.5125852934205947 0.56484375 0.14398901741285464 0.034375
3 0.6713937273872211 0.60546875 0.20352779172311414 0.0375
2 0.5018624773872211 0.60546875 0.12951708163720568 0.0265625
2 0.21358122738722116 0.60546875 0.19259029172311407 0.0375
3 0.4813142820006339 0.6546875 0.3856851944820761 0.025
2 0.22359031320829842 0.6828125 0.2034459045679843 0.0359375
3 0.6495386595448253 0.69453125 0.18403416327441172 0.053125
2 0.18708956920119224 0.73828125 0.17507524310259504 0.03125
3 0.6774279641582381 0.74375 0.18313340456798421 0.0359375
2 0.5000465926069406 0.759375 0.1456267605154496 0.065625
3 0.6505855031678187 0.77890625 0.1717864687923356 0.028125
2 0.20293921924662078 0.8234375 0.17638543758467104 0.05625
3 0.6839435577812315 0.828125 0.16191350180902225 0.0484375
1 0.04307891649800109 0.85078125 0.08615783299600217 0.1
6 0.11966628957540748 0.2359375 0.1205382293077851 0.09375
1 0.2149378459978426 0.23671875 0.0879780348257091 0.06875
1 0.6942192322484612 0.259375 0.12432497060135787 0.0765625