5 0.4570065616916926 0.5290329527085811 0.05498314934808164 0.3786703742750538
5 0.5656469504897627 0.44495579586474826 0.12232283360249455 0.2136858369323898
3 0.5778064366933402 0.779129886321623 0.017179591720169363 0.09024649170163031
3 0.055625293834785094 0.5330385655617655 0.029947967529300623 0.46415758838228227
3 0.6385609302005184 0.8838658531281439 0.0169341298696164 0.0761839917016303
3 0.6753958717552367 0.34218783860599694 0.0169341298696164 0.0761839917016303
0 0.6661989606393276 0.9587124877761599 0.02948867694751698 0.08025618506293455
0 0.70625 0.91171875 0.040625 0.1734375
0 0.7393959163975055 0.2609863054125179 0.04031708279171564 0.07483497925407559
0 0.74609375 0.89375 0.0453125 0.209375
0 0.7800112337679457 0.309436383421838 0.03893758928453739 0.1745981809137495
0 0.7897416006552136 0.9172255726339575 0.04017280681713338 0.15596658008391273
0 0.8227890689952932 0.32362986060132115 0.050311465907742915 0.20042697510489074
0 0.8529524870176518 0.7467839406852338 0.09571369480442442 0.11960395020978147
0 0.8690116838506711 0.543824884046538 0.09555005357072233 0.11022895020978148
0 0.8733209030048249 0.296949884046538 0.05234552434972919 0.1381637734452168