3 0.705849840017457 0.45628997990932235 0.13427708426758117 0.6696772480108176
3 0.6494243678972441 0.4835342799172765 0.0583533445593849 0.370639764003818
2 0.6235632406262802 0.53075472525464 0.03947631455356593 0.21587953866963616
2 0.5992975957673329 0.2526479065881854 0.06712282455550564 0.26771475867281785
3 0.5836554598715551 0.6070723245942306 0.09164433455744518 0.31951361600890865
2 0.5686844219898284 0.5290473219287305 0.04234622303829685 0.21279090133672723
2 0.5439405450087285 0.22592232192873052 0.037945765461951456 0.19712953866963617
2 0.4907995695545357 0.23592457793604843 0.06300940940281485 0.2364465773392725
3 0.4910215497198342 0.6026762732734119 0.16929084455938473 0.37193063868554466
3 0.4079861669888585 0.5051114772835932 0.040624484248184344 0.15345226400381798
3 0.36026691773776454 0.2749790819541839 0.10111518728260194 0.26342724801081774
3 0.3759227082045652 0.6008876012890021 0.08437396849636895 0.30694089067472685
2 0.30146600258507383 0.2443836099618199 0.03577748758216437 0.17056703866963616
2 0.25800291607077463 0.26756711863463783 0.07515872303829685 0.2131727093411815
3 0.26747273729230026 0.517694387969456 0.1549420757634536 0.1579045013526354
1 0.21763352333785924 0.11789438263845584 0.12015274545807211 0.09505905601527202
2 0.20908718394862205 0.24311255864100118 0.01976985030926075 0.1656977253341818
2 0.17452073637421636 0.27948641064609187 0.03501221303635713 0.16119203866963616
6 0.7989632716708692 0.10252808589277765 0.1161985690954939 0.12311133068109026
1 0.8120354224488704 0.6458604625636866 0.07433006242753422 0.08828179734245403
3 0.763582591684447 0.46422011123491363 0.07888872729036045 0.4692227146721816