3 0.2639323781653734 0.4985039405253472 0.05932824182355194 0.34259029172311417
3 0.3293873974437048 0.5098674864323327 0.12975466995201348 0.663960680687266
3 0.3888217566352885 0.4693786052700967 0.05059359191583708 0.37639208163720583
2 0.424427392045034 0.3997721121675017 0.039060104872647015 0.12351274310259512
2 0.4146986320228846 0.7459920149264636 0.03853847316352947 0.1639739687923356
2 0.4772124306016969 0.4265935617379604 0.029284586674049783 0.11677142017181659
3 0.4970614605204865 0.2869578516520521 0.0778408050572171 0.1940642605154496
2 0.47898117751937797 0.7270505851437088 0.07323245064599533 0.2436548247398008
2 0.5355057919527489 0.42821029342059463 0.043486789018088244 0.14398901741285464
3 0.586444135566629 0.26514372738722114 0.0504167119047624 0.20352779172311405
2 0.5755800794296777 0.43467497738722116 0.03477312307124443 0.12951708163720568
2 0.557106177519378 0.7229562273872212 0.04971580505721711 0.19259029172311415
3 0.6236473396087104 0.4500642820006339 0.04963186921373293 0.3856851944820761
2 0.6353510934662218 0.7048403132082985 0.0488542119047624 0.20344590456798423
3 0.6744052105204865 0.2776636595448253 0.06474002775932135 0.18403416327441152
2 0.6886670581487614 0.7355270692011923 0.042364380011074586 0.17507524310259512
3 0.7255764867386482 0.2446154641582381 0.04755252775932135 0.1831334045679843
2 0.7298868476282749 0.4203590926069406 0.07473678901808825 0.1456267605154496
3 0.7591306639442591 0.2677730031678187 0.03903912091177606 0.17178646879233553
2 0.7751249922942026 0.7107517192466208 0.06736438001107459 0.17638543758467104
3 0.8106523935861935 0.22925605778123154 0.058650714064230766 0.16191350180902225
1 0.7918049452565499 0.8757249440318502 0.10620803207825791 0.10211577792830404
6 0.18031553516980212 0.8556037895754075 0.10115958667404978 0.12053822930778502
1 0.18720468769841067 0.7602503459978426 0.07415699568106335 0.08797803482570928
1 0.24065077421557693 0.2785942322484612 0.08427247532299767 0.12432497060135787