2 0.32588318472517996 0.6308522541873739 0.029088578062439474 0.1675916915859112
2 0.33771660597536945 0.3418608100035726 0.046585150271146424 0.22191855866619026
2 0.41563148595484395 0.6409760171768241 0.027653343089554028 0.18935743094224938
2 0.4330245607958297 0.3359771607402068 0.07005901170746505 0.22980746832111637
2 0.49208490164588864 0.6543722456373992 0.03217721662612085 0.16156021287323483
2 0.5315973744203296 0.5742969795458558 0.019604493753483963 0.14818612772394069
2 0.5360722927436529 0.3420472082585323 0.035593108116668756 0.21177873416055829
2 0.6231455667477579 0.275045742535306 0.04236125858420685 0.3012782767352051
3 0.6391144377502421 0.617539245133196 0.0859839935570923 0.2824625747577336
2 0.7297313891528567 0.34412388844447717 0.032049951599006476 0.13968521287323474
1 0.8448821278381752 0.8202497098480162 0.07713519262201593 0.10379127153942491
6 0.17161279948114816 0.8384347972662238 0.08046018052176751 0.13838479282674854
1 0.17694273243880257 0.32498965630073134 0.06844196955298729 0.22032320767745456
3 0.22635536251647298 0.6909153050598941 0.02642718637549999 0.24706067029858775
2 0.2345597897185908 0.35454076248524713 0.04161584913967831 0.17315327673520509
2 0.27435354274365287 0.3603483660718729 0.029006764830722887 0.15352919158591122