2 0.5588626386060028 0.45015661962774195 0.26478975334181776 0.06403627068445523
2 0.25884445727245736 0.44997377068445543 0.2643715826702725 0.02809877068445541
2 0.5292018632638669 0.514832197984769 0.22868862133990878 0.04976469242562409
2 0.5293104039226855 0.5726492431643089 0.21925907733927233 0.04502265027114642
2 0.24723370058882174 0.5749146833504378 0.30657726400381796 0.029906710379605173
2 0.5487501999125041 0.647767417832344 0.26933180267345413 0.05156354176169416
2 0.26507463391154956 0.6531487676593933 0.2785249893379998 0.035993083916171995
2 0.2661371472390498 0.6961266080184729 0.2549965826702726 0.028044228529977743
3 0.607661028564641 0.7551486466569092 0.2958943026734541 0.051718077866047804
2 0.28416898456400475 0.7579544423274284 0.27837953866963616 0.023493083916171997
1 0.07278604189214133 0.7950084938516799 0.06642497867599957 0.06913179508134401
2 0.24500593988705063 0.8335129785299777 0.2379363520050907 0.03888173458010193
2 0.5654724338797328 0.8892872973208391 0.17525453866963617 0.02289312021691714
2 0.2910718705442784 0.9033169393023662 0.2941681706715452 0.03764648750696793
6 0.08659838196213811 0.27942894564707804 0.13085110534690847 0.10075449980360833
1 0.6568381566279563 0.28899692671113847 0.0661340773392725 0.044131795081343926