6 0.6889558852602391 0.2453125 0.09095527210332381 0.11875
1 0.6242111428485935 0.77890625 0.061586020849682656 0.1296875
3 0.5708063126820615 0.546875 0.07628764766363752 0.58125
2 0.4987363990502926 0.365625 0.03512647241989288 0.240625
2 0.45870947796318323 0.58671875 0.026148626022532005 0.146875
2 0.4642310184089071 0.31640625 0.021188341382795885 0.1375
2 0.38429215116186366 0.53984375 0.07106866943775678 0.0796875
3 0.3786235096999254 0.7078125 0.07593332884638357 0.246875
3 0.29163197506018934 0.7171875 0.06786476458147642 0.184375
2 0.281888565189344 0.56875 0.031580272103323814 0.11875
2 0.24695259019566168 0.31953125 0.027591454077492816 0.0890625
2 0.1923560184089071 0.31640625 0.049205692794721756 0.1875
3 0.17251356518934408 0.56875 0.09408027210332377 0.11875
2 0.1370092888628782 0.3390625 0.05609219028743926 0.209375