3 0.45912801613795134 0.36361096458301756 0.7449932525602488 0.0793088302037388
2 0.7351976924745455 0.38387242584638537 0.13616428413027978 0.08513859016268785
2 0.6163566872128736 0.38612579313643636 0.11410727360693614 0.0818863251355733
2 0.5123594319512017 0.388292802015231 0.09168624203690498 0.07238406010845858
2 0.39278267932036587 0.3897694644848217 0.08249325256024882 0.0754545179539809
2 0.26925417405869406 0.3920501028521115 0.08303928413027979 0.0848295179539809
2 0.6554345977644522 0.4124519438003663 0.11043624203690498 0.07249314441741408
2 0.3927070846102726 0.4178853741257421 0.08065773677523325 0.07075792759490121
2 0.5136643267177649 0.4195246212970717 0.09132222099021767 0.06613406010845857
3 0.5159779846385074 0.44684564539937266 0.6196292315135615 0.07233160147736939
3 0.14398959257336755 0.4911830153217022 0.1139560841867496 0.025654505853732523
3 0.5227215373258132 0.5053803080653552 0.6205701052334369 0.03484978219552861
3 0.47144048741051775 0.5947109736582038 0.7468133577936857 0.1105588302037388
3 0.46947689803268344 0.6954694977605048 0.7442652104668739 0.0668088302037388
3 0.46846115862661436 0.7665450670423455 0.7422476841585148 0.0589872398446591
3 0.4774431895613609 0.08937857904439812 0.7672168630553576 0.11223950487177384
2 0.22574491069275293 0.17362735577897773 0.09975634727034208 0.1036704215447771
2 0.2260410423051363 0.20876997024035832 0.10647678413027988 0.08496587334017516
3 0.47306796074922264 0.2315433531466991 0.7874075366905287 0.16390199882164963