2 0.6083476685967018 0.37342475292120486 0.08939111474138901 0.08890525805851839
2 0.18064089589527815 0.42884958699324105 0.07645470364722229 0.06906164976444433
3 0.1452131953821879 0.4875308113570836 0.1718530030372228 0.7510334026391663
3 0.5241376291777782 0.4551620599429639 0.28137347340194496 0.7668524752123143
3 0.7272989967689588 0.43895342516426067 0.11465875208729237 0.7725379642790738
3 0.30475184954250045 0.4806185556076395 0.16425870858430613 0.7597248974553701
3 0.822829702316042 0.439989661921946 0.05459276785486189 0.737655824882222
2 0.6006494970532993 0.6480925622520382 0.09095361474138883 0.08904195909527761
2 0.2268126067606951 0.69723871055588 0.09215243882958343 0.07355366013203693
2 0.10502068721406277 0.3078624352025465 0.05508884992375007 0.08902283524981466
2 0.214541157578785 0.3045433626293986 0.07718205547083343 0.10031164976444433
2 0.17498834830822943 0.32052923906675956 0.06588087955902786 0.0837297425071295