3 0.7257579028099217 0.49002816158582796 0.053364864349076765 0.34084316861791086
3 0.658660294042416 0.47479807132494417 0.1182108841986718 0.6598840601084586
3 0.6033756346129566 0.5119662732185382 0.04402840570540576 0.37515453610435345
2 0.5752913300220615 0.5797532160369459 0.03692641935425698 0.12205680718159222
2 0.546635367244561 0.23280549316430887 0.03569355913900907 0.16266362646343308
2 0.51922111248705 0.5497475534691592 0.027260320925833526 0.11575226502711473
3 0.5147605525194714 0.6887464209556018 0.07450350206691461 0.19100679508134383
2 0.48408186331561964 0.24806233362158436 0.06901978949430206 0.24096134328594587
2 0.4604090386657325 0.5447191650036736 0.040997489246633025 0.1423874878997516
3 0.4272798231976358 0.7054203156676035 0.04688792431665547 0.20178066861791066
2 0.41938377832665025 0.5358890656676035 0.03253001778268043 0.12827953610435347
2 0.40595686331561964 0.24760781566760345 0.04637850206691461 0.19084316861791084
3 0.3693281203449329 0.5176339693565956 0.04290255334804094 0.3845204457452738
2 0.3292680847795723 0.2612203428931624 0.04532542431665565 0.20177157825883124
3 0.33741680251947137 0.6877146652000652 0.06156685442427943 0.18155907220870696
2 0.2722346807267964 0.22730388514583594 0.0393279813887502 0.1736193071815924
3 0.2896171573580356 0.7178970688890572 0.044306579817173564 0.17989657825883115
2 0.26576862675507373 0.5412436652982612 0.07224748924663302 0.14256929508134383
3 0.2532965136443419 0.6926925358097659 0.036057432174538384 0.1704761264634332
2 0.18802450061917253 0.2471209605759968 0.0643279813887502 0.17376475292686627
3 0.20575157960777662 0.728343689498758 0.055787735317691566 0.15809430113146822
1 0.1529302549623987 0.0805556292921035 0.10451202564056317 0.09745678298109554
6 0.7702119543004449 0.13647643558993308 0.09913532092583335 0.11617042154477705
1 0.7738699553339023 0.23178439041039328 0.07267982878371626 0.08477497579950324
1 0.7735918970189534 0.7121213302037388 0.08216614474715093 0.1207579275949012