3 0.3003606318261863 0.4856579026175606 0.038338396558713315 0.6836537341605581
3 0.33982310762568946 0.5571394187091039 0.023911240433834368 0.3515296490112643
3 0.3768504089535493 0.4785116741569856 0.03530430014950951 0.6990602128732346
3 0.41157538777811464 0.5410716583175437 0.024183951206222964 0.3984046490112643
3 0.44272539382823883 0.5260693711907785 0.021268029465054107 0.43412362772394086
3 0.047975975210327995 0.46098105866619027 0.054145203740305695 0.7159963405971755
3 0.471745273316734 0.5476219430985205 0.0225669090517453 0.3889203883676025
3 0.49940264070498086 0.6034402543626008 0.021930583916171996 0.2795453883676025
3 0.5271503908031767 0.5405631959485121 0.021086222283461707 0.40287362772394086
3 0.5567197161351417 0.522326648178085 0.02600098126045225 0.4422639096549261
3 0.5839912641433519 0.6460590791203347 0.01987720452587265 0.19506112772394069
3 0.6222538125443455 0.511290595211878 0.04588727614540442 0.6388875373788668
3 0.6663128847530525 0.5674748932344065 0.027063511511073203 0.35643567029858775
3 0.6929162913689109 0.576363574176656 0.022321469356595534 0.3467328883676025
3 0.7186384540348933 0.5680101247970747 0.02091350546094901 0.37318612772394066
3 0.745536776439992 0.493359686061155 0.02325777634179609 0.5076703883676025
3 0.7746430143397436 0.5297560079688971 0.02757257161953177 0.44393567029858777
3 0.1089180203898678 0.46602347376899794 0.055644071226748346 0.7051681012408373
3 0.17221745110802705 0.4735735298372982 0.05723384230398718 0.7099648618844989
3 0.24174870110802704 0.47843562848024546 0.06968839050858913 0.7030264470337929