6 0.7003756956152033 0.2615142618709381 0.08957278896022594 0.12078658510611114
1 0.6604708591667444 0.7939624327487506 0.06007620373287814 0.13103310087368064
3 0.596264488632619 0.5605310304882991 0.06952075648952646 0.5826319684648613
2 0.5157570081143795 0.3774808347248616 0.03232512499835245 0.24127961664125
2 0.4860224638758527 0.5977926815144796 0.02443871266133204 0.14738414627652788
2 0.4789603916374438 0.3274256301277087 0.019587571427629947 0.13790004350298607
2 0.40942300770734247 0.5491538533422226 0.07014095048646726 0.08128767401194459
3 0.41157366314450405 0.7171044195466323 0.07305921915415362 0.24847517401194458
3 0.32501855437820604 0.7244610182361114 0.06571827759614006 0.1858297036472223
2 0.30836506817792375 0.5756962099154863 0.030197788960225846 0.11940461664124999
2 0.26182743871534453 0.32549553495361133 0.026554591720169364 0.08964438145888894
2 0.20708539163744383 0.3210976692622919 0.04702282467404082 0.18851829255305558
3 0.19899006817792375 0.5731504785328474 0.09269778896022585 0.12085932028847228
2 0.15279335795222376 0.34248105357097236 0.053654654219345545 0.21053876291777787