3 0.6930167577073425 0.500028948018566 0.09157876298234821 0.6858912683452644
3 0.6153923640380083 0.5780622137329944 0.03986488960884884 0.2270931210184525
3 0.6090979050301245 0.30705946899466624 0.05792514285525989 0.27809417889684285
1 0.5997154021907507 0.08315923741051773 0.1889727711033185 0.09529563140062189
3 0.5760610827884204 0.5201355926439547 0.04571369480442442 0.1150481473268119
2 0.5588581716692159 0.38584389262983726 0.02983532467404082 0.18904708944842152
2 0.5464923595737815 0.5734726952465558 0.024684174511885003 0.16221157366340577
2 0.5259132581143795 0.33536575049411016 0.0310978157455871 0.17195059471009327
3 0.49426165786949827 0.5381946188817268 0.05070120373287814 0.1325086631118273
2 0.4692502008902092 0.3597811925451327 0.03452282467404082 0.189320105233437
3 0.4481287719108019 0.6730470319935542 0.05692747889338641 0.3997871683734992
2 0.439467243503883 0.3560415425168978 0.03397735389503396 0.15807010523343692
2 0.38830020981866287 0.38170096615206883 0.020542145290891867 0.19318855787839037
3 0.3769980657422917 0.6302672687687874 0.10520924593951494 0.3042618367469984
2 0.3131774788933864 0.3790379687123176 0.060867136362438054 0.17836719468185844
3 0.3045015028360785 0.6884507660673642 0.06468543181548565 0.39711719468185847
1 0.28891031574558707 0.1536585371140516 0.15169095941492108 0.10561150512049755
3 0.2447178051922802 0.35487169759504306 0.048113766232054364 0.25254814732681174
3 0.24310430681383802 0.6208607186417304 0.07007058684890541 0.2585097209902177
2 0.19015263067709992 0.6786879001694093 0.04735010714144483 0.2087981473268119
2 0.16993599350388294 0.37173995015529177 0.021477353895034003 0.1573420631400621
6 0.8116211128234877 0.1263422770848181 0.1026182597392328 0.15582433674699833
1 0.8135589029982343 0.6853910533931773 0.05933981818121907 0.09086719468185844
1 0.8054116176914563 0.44264981654735697 0.06048530681713338 0.15649219468185843
3 0.7477627589251584 0.4553920112292154 0.05215024999670472 0.4837981473268117