3 0.6862694759309577 0.45614291761778036 0.07264299474854177 0.6080977651468469
3 0.6268944759309577 0.46064208608397533 0.07907480808399611 0.624196361827499
3 0.3423018472708665 0.43381243463872715 0.02042268268618095 0.14517079004195638
3 0.3039495139640471 0.2415783130629658 0.02387494668999892 0.17353258838228233
3 0.290420079248913 0.5993199580839439 0.024256754694453254 0.20634508838228244
3 0.25456439524986746 0.5950118889976934 0.028835166693180626 0.1973252858927715
3 0.2575466812937745 0.271633588582775 0.04956583736472577 0.23480197510489073
3 0.24713643996659246 0.22714988277391615 0.025219270687453665 0.15490098755244536
3 0.17940076324795848 0.6147575491655186 0.029343149347544804 0.10681868506293454
1 0.012796707948775085 0.7868604599580438 0.02559341589755017 0.06955548340326043
5 0.80451368264641 0.08812477819587963 0.07619996801399935 0.10880816016782516
3 0.7861785692632306 0.4563778707273468 0.15085890141626895 0.6218302236549983
1 0.7092689818985047 0.6932518313100905 0.13074311203054415 0.23470873195336778