2 0.3208332695295343 0.620945147261712 0.007977636051661907 0.059629667984777514
2 0.3347653888881488 0.670673233231267 0.011102636051661818 0.05975700197716627
2 0.36468255793019405 0.5993221566532521 0.018625631037097003 0.10376166996194378
5 0.40769573818850346 0.8975978305695287 0.20313702335696499 0.11596187551288217
3 0.4023667628656168 0.5267269150562092 0.5569586376345075 0.6906514466908706
2 0.44867242768452 0.8040680064629717 0.014318564264907251 0.06300933596955502
1 0.051865343032148584 0.28068892589344296 0.050148415676833036 0.11441000988583169
2 0.4819693463308539 0.5806915148659286 0.02818248746358769 0.11039367193911023
2 0.49226330331134055 0.8003819323564146 0.012392351411925873 0.05044566897336082
2 0.487879399379497 0.27426510132977533 0.01880748746358769 0.11001166996194396
2 0.5360861964891385 0.6437618592384408 0.015136918184115444 0.0911343359695552
2 0.5774877494712746 0.806195533649009 0.014636813011265914 0.07394683596955502
2 0.570579553773559 0.4883222841433005 0.014409492478152685 0.06613433596955502
2 0.5816320287007344 0.7072632851318839 0.011284492478152686 0.06600700197716627
2 0.5709646840192331 0.2870144521280781 0.016153848904643376 0.07244800296574957
2 0.583091577130524 0.596516786120467 0.01744356426490725 0.06313666996194378
2 0.5983110633404705 0.7173067885919249 0.014818669437756782 0.08019683596955503
3 0.7033526013454188 0.5460140618236295 0.040751998284140355 0.32783583992388793
3 0.7864906764308787 0.8287575776409601 0.0348871285298145 0.12627333992388792
3 0.0837314569804867 0.22268276631162234 0.01644335391920826 0.02876166996194396
1 0.9407112311953816 0.2021990307204405 0.048193459092057724 0.047222509885831696
1 0.13466948284473418 0.3105939431936485 0.06228470282385157 0.1024193458553869
2 0.16748696067490337 0.6607358646384671 0.01744356426490725 0.06313666996194378
2 0.1636188484424249 0.3937075321289532 0.01927884890464333 0.07257533695813834
2 0.24421797908381046 0.34783129942915875 0.017261707838416563 0.056886669961943956
2 0.27947483214508895 0.5404472223568522 0.017898205331134065 0.07876166996194378
2 0.2926006209414601 0.6697354743340185 0.019006064264907252 0.06320033695813834