3 0.6733581484244346 0.5547173754814745 0.07908157122674844 0.7019988372358217
3 0.6191473713952675 0.6067475080932276 0.027345312642541232 0.40327044574527393
2 0.5738934378484379 0.7307071828594586 0.03735559601642038 0.24395907825883115
2 0.57574787110068 0.41195718285945854 0.03319533684303817 0.3345568071815924
2 0.5230092113615636 0.3452418606507516 0.03739195745273882 0.2502090782588312
2 0.5198781035394825 0.7491435654712117 0.06709763817089805 0.253506795081344
2 0.42835069633444905 0.3665668939264347 0.023529445352490443 0.2845022650271146
3 0.4227354588274809 0.6602941680287356 0.05396131303532492 0.14405907220870695
2 0.37279857046019116 0.7834453217177277 0.015589680325375799 0.2625818132317164
3 0.3753029643866258 0.35297657171772767 0.03778284289316236 0.31739657825883116
2 0.3102501361277946 0.3885368218159235 0.018660138170898045 0.2532249939498758
3 0.3016235281093217 0.6627146652000653 0.06958631303532484 0.14414997579950323
1 0.2911511990649236 0.1798248971478885 0.08038745764913058 0.12077610831306052
2 0.27657002771653827 0.40318512909571175 0.026454457452738823 0.250145445745274
2 0.2454684559988106 0.7803607074527388 0.028326029661445772 0.30327953610435365
2 0.24380752469147615 0.3944004815550398 0.019949927398509537 0.20635908430895541
3 0.21273322405098732 0.766888559912067 0.029915800738684696 0.3079761264634332
2 0.17975307328886153 0.6612243671918551 0.022765855189802498 0.15325226502711473
2 0.1757615066392994 0.40728630093507645 0.045104463502863054 0.2330670300542293
1 0.8464178776417836 0.7549497005188519 0.03880901170746505 0.22521816861791066
6 0.798100635833207 0.1968372186692245 0.1007999515990063 0.13808178298109555
1 0.7939059559988106 0.7835514234896847 0.06352721057599667 0.17692611436318478
3 0.7333144105246832 0.5894423543060398 0.02452029449216884 0.45481476502711454