2 0.3520749501418047 0.44870748329091104 0.016073350801203555 0.07667158800127272
3 0.546875 0.5578125 0.903125 0.696875
2 0.6129249757779622 0.40891608792173084 0.047007449858980796 0.37672613200190896
1 0.5905060057494442 0.1526660879217309 0.3561515466541664 0.07438511871417966
2 0.7008049760607861 0.4837519085773677 0.019881855984999853 0.08452045066836363
2 0.6939897565979158 0.3790371365770496 0.024178376720184858 0.11578863200190899
2 0.810107374364628 0.8570797732336409 0.019257139396851742 0.05953863200190881
2 0.7929712266264339 0.6343962512333228 0.016561366352592442 0.10009090666772717
2 0.863587940057036 0.5029729812221869 0.056555981527406374 0.5750727253341819
2 0.8948453763908782 0.7082871898870506 0.020447783977499866 0.12667158800127254
2 0.947505027333101 0.4073690325430057 0.027556237888980917 0.20792158800127253
2 0.9780488556556932 0.6760372165420512 0.011171237323333116 0.05632272533418181
2 0.9830434032048142 0.29512302387018774 0.018378144580648126 0.06733295066836362
1 0.9859375 0.11953125 0.025 0.0515625
2 0.14633208953865645 0.5105369633195461 0.07567783694675825 0.5081761266709088
2 0.1911360330825452 0.57570742998091 0.019198350801203558 0.07670795066836363
2 0.19266984731435083 0.5217284546467281 0.01798716531583313 0.09854658800127254
2 0.18558122577796216 0.41388868264641 0.016756855984999854 0.08448408800127272
2 0.23582098237587806 0.8004165286441829 0.05165953628657398 0.055232940006363404
2 0.27983482252666514 0.7850455199713651 0.01708904665416657 0.07043976933481808
2 0.2742793066924524 0.6857904073042741 0.017499149764444333 0.07512726933481809
2 0.2601211874651379 0.5060847259707286 0.0331227327051848 0.20018181333545434
2 0.29245310824759124 0.6879250719685015 0.023553660132036924 0.09080681333545434
1 0.25219536145162 0.16520518730109238 0.041346752874722094 0.08008748933799978
2 0.27665528510879545 0.426905755967547 0.02501770678620341 0.1610647693348181
2 0.3301177865229151 0.805575648631456 0.027381289161296073 0.13455681333545472
2 0.3147293579647673 0.6118074672979107 0.02835732026407367 0.18139545066836363
2 0.32975974420407306 0.515440997294729 0.04819809443962875 0.4438590880012727