2 0.30034382131491866 0.25735268451145055 0.03265839448421435 0.2666260578783903
2 0.31735368493497357 0.7406510319229669 0.018066731513561328 0.06956904735504672
1 0.004653347764452223 0.8570543658273678 0.009306695528904447 0.05521812101845249
1 0.36884902452456936 0.8591133346102726 0.29114021046687394 0.0792449681476203
2 0.40927847653423816 0.20507057671776482 0.02562016823232476 0.19925654735504664
2 0.4000953794050705 0.45631455830191336 0.02376924189573071 0.22094953683170288
3 0.45144525529696544 0.41313370569931235 0.9028905105939309 0.7897370201996413
2 0.41905269282748137 0.7323919399142967 0.014016268345264394 0.08023353157003114
2 0.5409295659120724 0.09696340315318097 0.013197220990217673 0.0661710315700311
2 0.5467149612433329 0.7195062610880412 0.01025423151356133 0.06911402104668732
2 0.6146022843420413 0.10201565322376815 0.01777830517696728 0.0913530420933748
2 0.613754602955537 0.3037223663920652 0.016397815700310937 0.09438703683170288
2 0.623520384949091 0.7376122480044487 0.014213689420186526 0.05688703683170289
1 0.6269800429404209 0.8386287164344175 0.050060184158514785 0.05741765785015538
1 0.05496270285671486 0.23271451848643862 0.04996917889684287 0.05585515785015547
1 0.6562349034355297 0.8042236243551601 0.060072220990217674 0.06890118942018653
2 0.683212445317143 0.5682938296309494 0.013636836746998426 0.10045502630835923
2 0.7707851239316371 0.21438060337905993 0.021540342008670166 0.10247255261671846
2 0.7686850266612951 0.3172780902248803 0.018157736775233246 0.07113154735504672
2 0.758736090083706 0.5950390691781929 0.017596294653623445 0.0882280420933748
2 0.7889688926298373 0.5037392349914434 0.0167772472985769 0.07416554209337481
1 0.036112119234662635 0.8504634606080483 0.05060621572854581 0.06679265785015538
1 0.9568723553040241 0.006682796498445281 0.046662168373499215 0.013365592996890562
2 0.10575936340829344 0.25622834222043167 0.028547747157402537 0.22278505261671847