2 0.2639577654245708 0.34831858973077007 0.22387387662320543 0.03801375241907436
2 0.2131395592560606 0.3981057581042693 0.1569045649348082 0.04660052616718495
3 0.5058531647759477 0.44037176890996166 0.11500916558343129 0.15030237884037306
2 0.20797872646434495 0.4702082712584489 0.17093979139585783 0.04585707352223149
2 0.18196960552318237 0.5294768554451985 0.13481137662320544 0.032826452503779004
2 0.5253105024389273 0.5328931978773916 0.19763865909060954 0.055216662970653016
2 0.19736673458201978 0.5863338001976441 0.18239548863591426 0.07618161035393456
3 0.6860883153451406 0.5773804032943552 0.26973184740221223 0.071902905007558
2 0.46260990503671506 0.5927379057134298 0.14445911201270878 0.048997484073810146
2 0.20074510471240345 0.6610607844126285 0.14262387662320544 0.033281478812138235
3 0.5035019119365739 0.6644995136482897 0.11715231818121907 0.09423438936371689
2 0.2319075556059079 0.7536809239175197 0.15679547077900677 0.04035052616718495
3 0.6357865320669575 0.7317185637753466 0.1544341298696164 0.08391851564384112
2 0.47937289083325557 0.7501940899425316 0.17129434740221222 0.06616957352223167
2 0.20022513312261778 0.8249867765201208 0.16123750892845373 0.026561041952200527
3 0.4994029728141923 0.8099030189099616 0.12132162094116268 0.06481990514873245
2 0.21753931818780964 0.8614402160108945 0.1928420649348082 0.04869364718563744
5 0.045529319402330314 0.8855132947947979 0.09105863880466063 0.04277830517696728
6 0.12229991964391633 0.14740707906625208 0.1360114123370204 0.101576452503779
1 0.7670396753259592 0.14263440599577842 0.10446140340856687 0.08256884727034204
3 0.5107430365278891 0.2496557636482898 0.7265273181812189 0.12972644141573797