2 0.2870581745703681 0.7145296988616143 0.017406770687453575 0.15339773538950344
2 0.3998785372772299 0.420345096588138 0.016879512014635712 0.10808523538950343
2 0.40278426658977623 0.5735519172049891 0.017461314688089934 0.15808523538950342
2 0.4088149959023227 0.7268132848997407 0.021403380012726635 0.0941045560063543
1 0.5340830039783646 0.1687298238599666 0.26646134134309046 0.0765115016215578
3 0.5390308492600488 0.5493622150936687 0.8453543360916322 0.6896186168773821
2 0.5953797519096404 0.6761525860348312 0.030016953373634435 0.2973386501621558
2 0.6399200925764132 0.6761486318949159 0.011702210693816894 0.2001636412337021
2 0.7489887466184113 0.36861459577406386 0.0054874786759995684 0.06883182061685104
2 0.7916927725970941 0.5264231416341486 0.010320429344363191 0.0814136412337021
2 0.8103251412715029 0.4697055373320775 0.019370354710361682 0.3221477353895034
2 0.8430847392982288 0.2733623713416091 0.023474957351999136 0.13788182954530476
2 0.8586541006126843 0.4127248802700628 0.019895424013363083 0.09876478246740401
1 0.9484818586489553 0.1470510616818067 0.03964430267345449 0.05068183847375849
2 0.16662114194782057 0.38736145251506227 0.017115869350726464 0.12839773538950344
2 0.16951668590868602 0.6757517966708635 0.01286581604072543 0.3001636412337021
1 0.2174585779758193 0.18195693222252277 0.04162497334499946 0.08664661201270882
2 0.2623507179344576 0.4874899119299833 0.019877242679817542 0.09720228246740419