2 0.4519475920591791 0.44633863107763927 0.0655726453691802 0.2655172036472223
2 0.45700090809990446 0.7463749986688197 0.029635145369180195 0.2646807490500695
2 0.5171276967297699 0.4767541361116324 0.051091974697634865 0.2292523953265972
2 0.5749311060629971 0.477318486985313 0.04629538669636233 0.21976829255305558
2 0.5821190867679499 0.7594406559632644 0.031688541374907155 0.3069046166412502
2 0.6496947487269062 0.45875163136197966 0.05312718936981646 0.26991376291777786
2 0.6600259107654045 0.7425090355222922 0.03761127737108918 0.2789250870059721
2 0.7029764794318591 0.7419466442797574 0.029526057367907654 0.25530574905006953
3 0.7560260173854066 0.40108656135784787 0.05343627204008907 0.29647626291777784
2 0.7644770534293138 0.7246331641313895 0.02511127737108918 0.2786341462765277
1 0.8052127834579487 0.9364616701153132 0.06951361600890849 0.06722517401194458
2 0.8407037461011772 0.7646782423036464 0.04026356269890776 0.23837282218833344
2 0.8908737320575882 0.4448391741993758 0.023911309357089648 0.17550914627652786
2 0.9096895560948137 0.7194216001111814 0.039355590706543354 0.29458645459715277
6 0.2894968767902216 0.9166478650257293 0.10150905068427196 0.13201502583555538
1 0.28911069004613427 0.3464808353904516 0.044513616008908664 0.06664329255305557