3 0.39518960940481485 0.556043893370593 0.0924838747612684 0.7032685551888033
2 0.4947190841024498 0.7915096419207004 0.033722661362180516 0.21486798340326044
3 0.5298367820655424 0.5225354215896946 0.11409995735199914 0.14602474025173784
2 0.5555838587682681 0.7898772095570584 0.0525999306969986 0.2272262734452168
3 0.6547822380649061 0.5273198552027365 0.059321550684271786 0.13406826929603177
2 0.6997969354312228 0.7734853827971382 0.07158628803308939 0.248959563487173
2 0.7170186087284971 0.5093995720092573 0.06482721069381689 0.20473596680652087
2 0.7993247681014953 0.8075662301024902 0.033504485359635086 0.19611798340326062
2 0.8153561113939972 0.508264969729528 0.027490842695726058 0.2159568867226085
3 0.8788100840626789 0.5279038861211304 0.0921158693507266 0.1349921518694554
2 0.8850622734324954 0.7968906844614565 0.07080449069063519 0.18177206348717317
1 0.25692873010817685 0.8156412684708393 0.06649770401018137 0.07997276514684692
1 0.274176033378407 0.35251430643820314 0.0997112880330894 0.25109074855010755
6 0.2845093847867218 0.9051540543636107 0.10754087468172653 0.11898864357108536