3 0.7470715491995819 0.7801025603407548 0.14851257832259215 0.2738433596955513
3 0.6273742038649985 0.7822314516337865 0.1214032741755549 0.2665110207602467
1 0.48183505183796277 0.097479766843095 0.2731244331762962 0.060950723345435345
3 0.5285655569752763 0.7828760973754427 0.08860989802101785 0.3009841798477755
2 0.5043298087187027 0.5592475963868596 0.6430062891612961 0.1600964664625341
2 0.4325950524036107 0.24649558699531937 0.23226427879370348 0.12779071345960363
3 0.4203333919422671 0.7558904916342242 0.060583351366851446 0.22978034190105417
3 0.3580487139497672 0.7113154792769343 0.08113100574944418 0.1621126808363588
1 0.22320163708777754 0.13987687798434004 0.16249858294074046 0.13117569863085596
3 0.23202345617407277 0.694503369581383 0.08349458812453676 0.1357411818249421
6 0.8480451036759256 0.19024817596780505 0.09476427879370349 0.12218801779449713
1 0.8665344486812023 0.7841918355496256 0.05618979434509228 0.14397017589344294