3 0.6187350560494382 0.25942633482203414 0.3129143303053814 0.08042803654935433
2 0.35114920119824966 0.34654471615206883 0.14993609818322887 0.04605449459715381
3 0.6694049936219043 0.3435591401401757 0.17426641848667046 0.058357073522231497
2 0.5054222419549144 0.3616629399848839 0.12260832363742154 0.03513240514873246
2 0.50162769119631 0.38909769524655574 0.10854582363742153 0.03431335779368574
3 0.64553718786233 0.3978217059110738 0.13271664727484325 0.0637124314570916
2 0.5016756175588883 0.41708618735404795 0.11779327787978708 0.033296889363716886
2 0.32705838376974583 0.46069051613795137 0.1849807778797871 0.0372101156156063
2 0.5200431092239386 0.4587808636906421 0.16345646424430527 0.05928253669052861
3 0.6823517905874869 0.4516600664767698 0.17426641848667063 0.058357073522231497
3 0.5872946399786636 0.5302848663920652 0.29706618969849785 0.05773398919430761
2 0.31463838997866367 0.5461652845538029 0.17678564060688357 0.03206758930724707
2 0.2984715139156477 0.6108648213855058 0.24735323212215263 0.03928782608248031
2 0.5358121461875814 0.6180347663497129 0.2068557778797871 0.03848418927901207
2 0.24485243527725625 0.667637737128169 0.2213009151526907 0.043990736634058794
2 0.5095208420949973 0.6638855926439546 0.14183655575957416 0.06113346302712266
3 0.6521707277009109 0.6594648612009806 0.1566643303053814 0.07132751038216938
2 0.2741256049718748 0.7281356213713884 0.19553564060688355 0.03315965244730919
3 0.6167914660319813 0.7213957138035816 0.09457891848667063 0.05371580517696728
2 0.4838673957285396 0.7400231584148529 0.16808006242753387 0.09687354195220052
3 0.6535741178487525 0.7565750796309494 0.15956618969849784 0.04972552616718495
1 0.08619529921230064 0.7919537396178307 0.09496155575957418 0.05840330517696728
6 0.17107854817353052 0.20930086333770626 0.125892562427534 0.09441639988706055
1 0.6486455677183679 0.1978140006352845 0.23061201333591957 0.08185475768074628