2 0.30630912385944464 0.22349088813212248 0.06900979882131963 0.28259848428423434
3 0.33752798195131983 0.4895139944184287 0.152596469602223 0.8561858416039978
2 0.4461412221676741 0.5524976838316775 0.027513283053750292 0.31032106989237623
3 0.45402515092927126 0.4879985361890424 0.10230552887277841 0.8413570541766104
3 0.5429967319513199 0.47994413358400845 0.10067029369041727 0.8381592795695045
1 0.58309048261691 0.2536149199779386 0.09564372758291687 0.21984592721213972
3 0.6734291143601393 0.4723049538906694 0.17992138259625073 0.8231207845319032
2 0.7929266096104867 0.5996957456612829 0.030564241450625217 0.24022689371369382
3 0.8458489750174657 0.45410710980547214 0.18119294186680612 0.8106935591390092
1 0.14706075721819462 0.20275251075336698 0.11671994699770853 0.2536044971045158
3 0.23076948888517404 0.50621780500518 0.06324302887277851 0.839537688998964