2 0.6392756674485962 0.06034272621695447 0.053529191585911205 0.03052656203449331
2 0.762385385517611 0.0707794201783172 0.05799817029858776 0.027619885855810856
3 0.46841795616484533 0.39647066314900387 0.8053316282281437 0.2025945004097755
2 0.2387143946486634 0.4868815316364191 0.17139367080279086 0.17929800992479733
3 0.4446694637064139 0.5231230543814982 0.7649801438154842 0.09325373366055256
2 0.5969039530627522 0.5317810785743193 0.1342871547112475 0.1386344685684687
2 0.744232421131767 0.5433457789458228 0.16608345792955603 0.1479024607105858
3 0.4328910935240417 0.6691440297743924 0.7853576178365838 0.2733051066960819
2 0.22772299228320447 0.7113186054577367 0.16158162822814398 0.17261136228216217
2 0.4445609310191241 0.7488508004525568 0.1591778940675857 0.13823636228216235
3 0.4068645530430818 0.8395828083104396 0.7609917663436448 0.14757736062502325
3 0.4816820527141056 0.16195011393479217 0.7987317029858776 0.2863873035529287
2 0.26843864356338265 0.0281786197257604 0.031872712873234656 0.03263271753501129