3 0.6398371901866629 0.5490608073750052 0.17797883084423632 0.658982363649884
3 0.5261055608334493 0.5530387001509117 0.10364057213780917 0.6388025148287475
1 0.4971284690194782 0.4187618592384408 0.027914717321997528 0.20538783695813834
3 0.46289515264742037 0.6835591882879137 0.04283811171321652 0.4008913379467215
3 0.4417305608334493 0.5496006823564146 0.07979363636216022 0.6300350098858317
3 0.4034083672558844 0.548822090949652 0.0608798620519007 0.6261460059314989
3 0.3685387222988385 0.5419208335352782 0.07461481343138177 0.6204690088972485
3 0.3190743108334492 0.5446028231551548 0.09262118498267924 0.6367943458553869
3 0.26849777872127356 0.5386273957788372 0.08875920058651143 0.6226045118629979
3 0.22219931083344924 0.5406554693911026 0.07362552351728997 0.6313428419010542
3 0.18408183514370874 0.53597062798434 0.0686923620519007 0.626464340912471
1 0.8704000361845055 0.795679775283233 0.017665534825709272 0.06932300296574959
1 0.0132259811746079 0.8154459278706094 0.0264519623492158 0.043397172927693364
3 0.8501428471294965 0.6742849363479284 0.03496365671569066 0.3101390039543329
1 0.8225014467453835 0.8133010153974013 0.045600184305310876 0.18583934091247087
3 0.7992011448455043 0.6902163424697079 0.03660139981828596 0.3413890039543327
1 0.801539330055326 0.48127242399063874 0.0414305834462283 0.07652800790866543
1 0.7848154975136091 0.5314806710248892 0.03090916327441153 0.05427100593149916
3 0.761887009838081 0.4162403315952929 0.05239017412854548 0.3451506739162767
1 0.7456324095448252 0.726396581595293 0.10825731456303558 0.22113485376405234