3 0.4802359040817755 0.26924588376974584 0.761482921544777 0.15586478396801873
3 0.4764882144848216 0.3765322252850149 0.7567408793902993 0.1461071466951152
3 0.5119802868899204 0.4501611728594206 0.5720386264634332 0.07480674729423989
2 0.32548581332991244 0.03548355340402133 0.11299087939029935 0.07096710680804266
3 0.4785178262157278 0.5645583837697459 0.7619010780624395 0.22773978396801872
2 0.26176614257070224 0.641598471202129 0.0943863251355733 0.11702774545807201
2 0.5007922811343838 0.628333970284045 0.09905564441741407 0.11428538273097573
3 0.47227185051442044 0.6985985439214668 0.7472204336450254 0.12034187214930796
2 0.390669930914551 0.0946122877125489 0.09429542154477702 0.10140274545807211
2 0.764888680914551 0.06406507875907767 0.10208974082661779 0.0989154742462448
2 0.20550004537593153 0.11207020999224135 0.07559996369925477 0.10924719636645772
2 0.5561813014260558 0.10062368740328816 0.1021988251355733 0.11766547424624481
3 0.4772568707078966 0.12118161499806032 0.7511817466803503 0.24236322999612064