3 0.6330376218438518 0.7047061093634835 0.14222228253968333 0.2774908514929388
3 0.51227453887043 0.7201504289254371 0.11525926434108591 0.2693834205506892
1 0.46999352251753396 0.04490976432683255 0.27195414558877823 0.06879283070981843
3 0.41275540022148194 0.7317759797979573 0.0816247439830203 0.3028079257464693
2 0.42238642582133484 0.5086662617289426 0.6398611412698415 0.17851630003934105
2 0.3977809562015498 0.20084269007330194 0.2294848457733485 0.13426501139996638
3 0.3079572786913971 0.7165494535669553 0.05524391424880086 0.23096577673520519
3 0.2520670265319288 0.6784592277042704 0.07740071406423077 0.16407320767745456
1 0.20330786782945703 0.11644518278383491 0.15957286397194573 0.1355982824351883
3 0.1278179981542987 0.6754813291972092 0.0803860117201923 0.13783848960843983
6 0.8243620450350679 0.0979048162846335 0.09198484577334831 0.12465007475773367
1 0.7526189366186765 0.6955664201233608 0.052861789018088245 0.14524679802252863