3 0.4622556639442591 0.2748868414303548 0.7669452729789594 0.1469599334632649
3 0.45227178979328053 0.38213661271767824 0.7616569956810633 0.13725715153227966
3 0.4833029418604638 0.4561861179134583 0.5736773318936879 0.06811439558019501
2 0.32252703963639706 0.037060644484175356 0.11790699568106336 0.07412128896835071
3 0.4433311790605374 0.5701993414303548 0.771551232262828 0.2188349334632651
2 0.22312000617386318 0.644706940577505 0.10075906847545246 0.11593063861970414
2 0.46178198797526593 0.6342400620972596 0.10524630937615384 0.11313342055068923
3 0.4293013525655204 0.7041755036831708 0.7506799228866742 0.11160158767030932
2 0.383295756478405 0.09919270876273538 0.0997577729789592 0.1003056386197041
2 0.7575145064784049 0.07302478460574983 0.10737001387966068 0.09772694183801281
2 0.197989312153931 0.11448384503665099 0.08160855027685518 0.10836951089576327
2 0.5476691371077885 0.10714233053459146 0.10857156847545255 0.11647694183801276
3 0.46856262800848975 0.12178502375916274 0.7630168414544117 0.24357004751832548