1 0.9251118696307336 0.6107782603497403 0.03400758706427283 0.1737693867226083
2 0.5730314704898162 0.5285166703170727 0.03157970714523213 0.36500969336130423
3 0.5429998117379604 0.4630935024755777 0.6234551051544959 0.70088648715146
5 0.5093606326325739 0.08421748287880688 0.22710248982323478 0.16843496575761377
2 0.465296456356322 0.6985350176224248 0.01890048620519007 0.0636839917016303
2 0.4838925638856669 0.19522076347323988 0.01799308344622812 0.07606559253146723
2 0.33830010289524753 0.2412697371282381 0.015284163274411533 0.05407219336130416
2 0.29853159599784257 0.21315731513755823 0.016601001809022263 0.04950309253146719
2 0.2713627498884584 0.6276342122331288 0.01421298620519007 0.06332879419114121
2 0.2829375734966054 0.169206405594433 0.015366050429541289 0.0556346933613042
2 0.26302570669500625 0.4897557039347591 0.021697937584671045 0.05767079004195637
1 0.8300826526474203 0.5977473093147662 0.06733134215265543 0.09692346680652086
2 0.8370751175945687 0.24160405309098892 0.017092324739800803 0.05887809253146718
2 0.7541320635469827 0.3988497132588141 0.015939260515449583 0.06657219336130415
2 0.7417017418593996 0.16090034998142244 0.015038501809022265 0.0493846933613042
2 0.7215884791962435 0.5001404487366671 0.013885437584671045 0.057078794191141216
2 0.6971517232033497 0.44674368421451993 0.024134620080959478 0.19325309253146727
2 0.683098110019795 0.6703587829697645 0.017658890773174462 0.09938469336130425