3 0.5158891224529356 0.30379705636111864 0.7419057001845701 0.09450406750016391
3 0.27189689543189477 0.40627724873405563 0.21696625693983035 0.05278772721932725
3 0.7317620511997058 0.4223213339511148 0.28297079117755664 0.10965777531256152
3 0.7582918776947227 0.55528760137431 0.30492493676633503 0.16031253974053178
2 0.4973834585086764 0.6137276170682247 0.23380421498708143 0.5101637176006804
1 0.09566027220376691 0.6496800522695855 0.10237733497600676 0.3325248125212045
3 0.287556677971578 0.6750818124363864 0.1958922933370249 0.06452383538669526
3 0.7506271768918438 0.6800519883976186 0.24811612739018116 0.05231650126594438
3 0.2937053508582522 0.7343749668828903 0.19575259099298642 0.03801589908902621
3 0.774594405454044 0.7363739102673175 0.2985562183831673 0.08525797603820084
3 0.7290594648301979 0.8444517942954011 0.199678627390181 0.05062502649368774
1 0.14785952960502255 0.8655307415624793 0.10614747532299776 0.12375001324684405
6 0.11460961983204183 0.18783232749732895 0.13609579117755652 0.104528787293461
1 0.7871249699243269 0.1987994991973918 0.11374112739018098 0.047624022865490764
3 0.49923374614248867 0.23938981597976552 0.5080523318936878 0.045803639555197326