2 0.1917270262168053 0.30910848241971156 0.05105466014423614 0.04851664558877822
2 0.4860764382609025 0.2980465623108145 0.07035017401194459 0.0731557001845701
3 0.6883474530785414 0.2882047856312274 0.23728310087368065 0.07293206199704745
2 0.20308079388423578 0.3910698812476923 0.06686149810013893 0.05733044108527156
3 0.6535711031547914 0.3746825061738631 0.17027743882958327 0.0764389913621267
2 0.5014267216959023 0.4093950724898473 0.11370143692972227 0.1258591980251019
2 0.23471134717086767 0.4397484107050566 0.11373649810013893 0.060334327574751254
2 0.5024962995838189 0.531019748615724 0.0953501740119446 0.0747577729789592
2 0.2276774843293398 0.5743737345791798 0.10290940729444457 0.13140829117755642
2 0.506400589952673 0.6314004804171267 0.07925370174736131 0.12053134793281686
3 0.692083516814409 0.6304225640088574 0.21213893692972227 0.132167359653009
2 0.5178628071832632 0.7422180644702829 0.09124455547083343 0.09945738433001132
3 0.6988946016361799 0.7399780367109615 0.21766158510611114 0.1013178778516064
3 0.6965131776242354 0.8087781014857862 0.23659211664125018 0.043244561997047626
1 0.7246499354111109 0.2031894355389424 0.09146145459715278 0.041745013879660675
6 0.1328800094993053 0.2567134700812105 0.1145729526972917 0.09627182757475108