6 0.6889558852602391 0.2858553440748087 0.09095527210332381 0.12384629465362354
1 0.6242111428485935 0.8165824283321456 0.061586020849682656 0.13305469468185863
3 0.5708063126820615 0.5810474757577794 0.07628764766363752 0.5847081999435304
2 0.4987363990502926 0.39529271530502286 0.03512647241989288 0.24226309471009327
2 0.45870947796318323 0.6144298521790781 0.026148626022532005 0.14814907366340596
2 0.4642310184089071 0.3439808442865703 0.021188341382795885 0.13850105787839037
2 0.38429215116186366 0.5631410969879933 0.07106866943775678 0.08369173151356132
3 0.3786235096999254 0.7310643443571574 0.07593332884638357 0.25087923151356134
3 0.29163197506018934 0.7353885523343698 0.06786476458147642 0.18801521046687403
2 0.281888565189344 0.5861320049793232 0.031580272103323814 0.12038809471009326
2 0.24695259019566168 0.33445611291418326 0.027591454077492816 0.0905185841867496
2 0.1923560184089071 0.32814592875566856 0.049205692794721756 0.1900481473268118
3 0.17251356518934408 0.5797616366622937 0.09408027210332377 0.12402830517696728
2 0.1370092888628782 0.3476169945971538 0.05609219028743926 0.2122871683734992