3 0.4405932409458222 0.30251644301055514 0.6271852128732348 0.045797036472222705
3 0.3017985387162491 0.33538610723885387 0.20734260643661734 0.020425522035833497
2 0.5034103151993528 0.3634526365897912 0.4635926064366174 0.026389806989444865
3 0.43484063165921316 0.37362837680614547 0.6412148618844989 0.06796297720166714
2 0.5850755784409045 0.3779314042572217 0.12888982450563216 0.013919642476805638
3 0.4403915091310525 0.4280976712590621 0.6597463405971755 0.06527438829583385
3 0.4364034956373991 0.4851289212590621 0.6593092980225285 0.059024388295833854
3 0.43657845825853225 0.527243686076701 0.6581074309422495 0.04183688829583403
3 0.21642449538529762 0.5635669650463887 0.09495186708027906 0.01936955547083343
3 0.43031775058107763 0.5944675536678815 0.6546217980225286 0.058915285522292214
3 0.42558669191488735 0.6398164212590621 0.6579981702985878 0.04027438829583385
3 0.42321580874306497 0.6960300536678815 0.6637454257464693 0.077847123478195
3 0.3699379894332129 0.7440688165856594 0.4312171490112643 0.03187608757465306
3 0.4148627233416695 0.7820221050546523 0.6584352128732348 0.04652438829583403
1 0.7295293268514207 0.063357798349548 0.07006112772394087 0.0203501740119445
1 0.7307176802628195 0.927546278497916 0.045935212873234654 0.032268292553055744
3 0.5083591671964947 0.09190494491041624 0.24549817029858775 0.030673344224166878
3 0.544723002093687 0.15189688753972175 0.3082166915859112 0.035253047871389144
3 0.27970465345073975 0.22748334147128446 0.3022944735168965 0.03979507750666693
1 0.672564142807078 0.21989939228937444 0.19274451089576328 0.07936411094166677