3 0.2816184669500652 0.5483407447091662 0.1387094927523121 0.672512470912265
2 0.35137298649490256 0.5705503266815375 0.05663237939699588 0.08533146424430509
3 0.3806453825617978 0.40463828425788273 0.066548997584104 0.22582891848667064
2 0.36258245603004163 0.84751131047068 0.13539510818516848 0.09952125212603206
3 0.38801250391370806 0.719035495168208 0.14461035364324068 0.1933987978836665
3 0.44989010588995876 0.5487068907760614 0.14343074879205203 0.12190643515656988
2 0.45564680087929055 0.8346602372923002 0.10459164727484324 0.06441292848861054
3 0.49416678012650517 0.7096123109297219 0.09929785364324069 0.18969997091226495
3 0.5566179511982497 0.41664343199176807 0.07190591940475458 0.29145391848667046
2 0.5257839576970316 0.8521823192646716 0.10427265394280312 0.09853283697334128
3 0.5720366886112361 0.7191145988114487 0.04292030788560606 0.18354582363742153
2 0.6007830551313543 0.5885501250242459 0.06211710485118864 0.07646664727484324
3 0.6229284774110468 0.4039678309336012 0.08258832788948531 0.2892217387901123
2 0.6736943966466236 0.5913560027542518 0.06469997091226495 0.08909419303247787
2 0.6576079136063869 0.8558649129059728 0.1228951081851685 0.09850088606495574
3 0.6732005758841397 0.7226538001788763 0.11323280788560623 0.18928538273097573
3 0.7084355427135187 0.4258903704823179 0.0688765142540035 0.3113837812137669
3 0.7263888330111415 0.5720637398773741 0.04043329454968649 0.1150509151526908
1 0.73828125 0.98125 0.0796875 0.034375
6 0.12176626633154371 0.8687493553102307 0.09757611485312827 0.13058006242753423
1 0.16913379771448858 0.35591451546195146 0.049616589099373075 0.2275509151526908
1 0.2036681654425548 0.3374992263722767 0.06823930121764636 0.15146664727484324
3 0.21916626437468967 0.5330188915249674 0.05478180546971014 0.40491064060688353