3 0.5352058277104614 0.8333211357750916 0.03619036116879606 0.09448332363742154
3 0.4966972171537959 0.2158465933514369 0.035506855984999676 0.08667082363742162
0 0.6045408795484242 0.916547966080473 0.06716695909527762 0.09390923879011233
5 0.09427272059416589 0.4125954659112951 0.11530768199851768 0.4313772878817268
0 0.6056826549482406 0.13166252517402705 0.07728425287472192 0.08542705909355411
0 0.6768950417067113 0.8658302310833823 0.08909933063166627 0.20274210485118865
0 0.6896078870877775 0.18660485881338834 0.07523232026407367 0.18609673879011232
0 0.7505574256369429 0.8477974503286575 0.10230195966092541 0.2472573793969957
0 0.7727327453818515 0.2058010110892014 0.09345463996249954 0.21705969636645772
0 0.8374224385964336 0.8742799441197396 0.08759561922731436 0.18555460485118863
0 0.8649011215363887 0.1776438023049081 0.0908381964186109 0.15168978788172677
0 0.915625 0.6765625 0.165625 0.140625
0 0.9046875 0.45 0.1875 0.134375
3 0.14081482139536944 0.4924103827309757 0.037420670499629424 0.10854582363742171
5 0.29669580009453644 0.32362791607077457 0.2547434544771292 0.2519443636451803
3 0.38935750254541535 0.7089434048608869 0.03585817049962934 0.10841827787978708