2 0.2893057566479846 0.365585135145836 0.08939623195336796 0.12858860831306052
2 0.5772094209649946 0.43441799013924676 0.1278900468904336 0.10069995764913049
3 0.7506352655710543 0.44557872481754457 0.22272895020978148 0.0950044695529872
3 0.722002625323961 0.521159986917793 0.18816377344521662 0.05107266237139498
2 0.5862786128764063 0.5437975353187866 0.07559384108157481 0.11132838544042371
3 0.7554196991840962 0.5705514537403056 0.24898287427505358 0.0498646863754999
3 0.7713183089370028 0.6463917910743232 0.24275618506293456 0.029524915298260977
2 0.3230584076922474 0.6461266080184729 0.08234074855010753 0.09731133723582168
2 0.6086416327971381 0.6946424178323439 0.08788035352912935 0.08797269867214012
3 0.7737697253286054 0.7096594055357037 0.20580155933798813 0.07772606596219109
2 0.3473624359113489 0.7813646712501894 0.11804145020978148 0.09439541549465283
2 0.6123488184847725 0.8157043515755653 0.06482136182749905 0.0722204336450254
3 0.7272993122609952 0.8280866977883774 0.15473596680652085 0.06337267447164337
6 0.22597511722608382 0.25120447257804934 0.1278900468904336 0.10069995764913058
1 0.7887953485547519 0.2896196163080923 0.19772895020978148 0.09485902380771342