2 0.6637914782576584 0.5241950848191232 0.06387124922480769 0.5596148318936878
1 0.6350623943613858 0.874575816620526 0.05566781153562204 0.06736677513842756
2 0.6727180043189367 0.12783122454780535 0.02131140036914019 0.13830103639719454
2 0.6530401526854922 0.31248682679955875 0.028702398209672 0.18078892504614252
2 0.6354101665651527 0.22035988355481892 0.02363536397194572 0.12600129549649317
2 0.6093438101513462 0.4924654210317477 0.019949159468438893 0.14132590684754529
2 0.4833646961794004 0.6099056400332239 0.019609198025101904 0.11173853639719464
3 0.4920623380629383 0.4261419093115554 0.9841246761258766 0.8410669139350337
2 0.4743329642211142 0.2367091694905882 0.03789572794389144 0.2514018136950905
1 0.3697575694075283 0.8403162284053167 0.22431768198597285 0.07661826650055445
2 0.41319280999446273 0.11355346930601806 0.021031995681063266 0.08537629549649321
2 0.31874908852897627 0.4856101395717986 0.04574780073828055 0.2768023318936878
2 0.22125711752491523 0.6848906438907353 0.026720791177556526 0.10130168414544123
2 0.8947899568198586 0.4817326842930994 0.029284586674049606 0.11702681369509058
2 0.1810767126799548 0.3693169062292364 0.02107156847545246 0.11027616594684382
1 0.13171615130121614 0.7968213425341458 0.10975453423772623 0.06149630937615384
2 0.15553649213731904 0.4006274629844966 0.03809598704319002 0.25452681369509056
2 0.10234283852897627 0.4717421969453676 0.03681528685861988 0.1859770727943891
2 0.09142153223514142 0.27492775370062783 0.019469495681063355 0.08527616594684391
2 0.06224517196382355 0.28953167180694006 0.022834327574751123 0.11350129549649317
1 0.009697713219821866 0.7501292103636029 0.01939542643964373 0.02856509099298634
2 0.8603810857511991 0.28419754780361983 0.03018575262089378 0.1310893136950905
2 0.7978508073735691 0.26842355104282234 0.03208821406423077 0.1607768136950905
2 0.7207061189091911 0.19915431446105764 0.030323059837579082 0.27892603639719454
2 0.6934801758213348 0.5872853701365837 0.036212114433370954 0.2979764250461425
1 0.6903434862772229 0.5015784076135124 0.03060725478036197 0.08910207279438911
1 0.6734099028423757 0.6801342041897398 0.0264809592838688 0.07327681369509058