2 0.2881941063339613 0.4095305778660478 0.09089773538950344 0.01615224082661797
2 0.5420361266265007 0.45944980639602545 0.08459318831160267 0.012990879390299349
3 0.5292400718379623 0.5211003787029282 0.7252481996690978 0.9135020230221464
1 0.10458494521475685 0.5436323462128121 0.08955697240056462 0.29736587939029935
2 0.7080354533324317 0.662779860356164 0.10172614123370209 0.00996587334017498
2 0.8274712459461055 0.6689440228257547 0.09396818831160267 0.013045421544777013
2 0.37976440300812014 0.7140004301289841 0.06902273538950343 0.016024975799503238
2 0.33586835268380855 0.7668754452542945 0.07837046185055305 0.014517017953980726
2 0.5187529906710997 0.8085685624461497 0.10326136769475162 0.008412463699254857
2 0.39831775974582323 0.8148998547970191 0.10178068831160277 0.013090873340175335
2 0.25689787297634803 0.8148584273003138 0.14402273538950344 0.016461313035324564
2 0.4929211477331144 0.8560793667008758 0.09720228246740419 0.019313602262936415
1 0.90546875 0.984375 0.0515625 0.028125
2 0.6282868668839728 0.12866795988862573 0.3002181883116027 0.01424534894328664
1 0.7599499241081432 0.15052984523085344 0.0481841298696164 0.07527271077238851
1 0.7959459253259592 0.19214971866922448 0.05873980032431163 0.05346134328594587
2 0.6550112337679457 0.2538361315315987 0.27521818831160266 0.014099903198012775
2 0.2434873526805133 0.2850391170936592 0.08777273538950343 0.01613406010845857