3 0.3072464360809124 0.4540347983856422 0.09316225194490757 0.7088356526050339
2 0.32064690251064165 0.7436431079389362 0.019477228726369412 0.12587329528527036
3 0.3814424601832133 0.45358534222317043 0.07754634230398719 0.7096704065339752
1 0.4201070679070987 0.924009158186605 0.05346134328594587 0.06028683664159899
2 0.4301516291939077 0.23403912965055787 0.013981728529977745 0.2552696968568468
2 0.4419895956236369 0.523574664596746 0.01651585518980241 0.15385274607105864
3 0.4493748487468949 0.4505010376322752 0.07282248086766874 0.7032020827126578
3 0.5259009873105764 0.4478169933804622 0.09778611943135011 0.6981164764263514
2 0.532464083817976 0.36767572911243857 0.01373628883482798 0.21308219685684682
2 0.545351465840554 0.7033414013621796 0.018132897344280252 0.1633005206781643
2 0.5962675085842071 0.32612823800377877 0.016170421544777012 0.09447774607105863
2 0.6018867703898678 0.48650281182509636 0.018241981653235585 0.18205052067816432
3 0.6071100806947181 0.4445700229499668 0.06649975799503167 0.6904109842842342
2 0.6632419060266831 0.4268774088057777 0.013463578062439474 0.1662071968568469
2 0.6852270320973327 0.7153234786981539 0.013299951599006477 0.13808219685684692
3 0.6883509903356385 0.44679180251947137 0.09148157727687263 0.688450377997928
1 0.08415787314378342 0.23510705417661043 0.07896131303532483 0.1473887303552929
6 0.11111334210759549 0.8408861732831984 0.10542381908544902 0.1314383986760923
3 0.16818848126045222 0.4483391083532209 0.07754634230398719 0.7096704065339752
2 0.21037493949875796 0.18162679735218487 0.02082156010845857 0.08844606989237613
2 0.21901466217500318 0.3241781703877142 0.01610678903121974 0.08354024607105863
2 0.22080494203284076 0.49765205769126714 0.021430614166792948 0.19313356989237604
3 0.23384529751723085 0.4568643918516669 0.07752816158582795 0.7065454065339754
2 0.28061471662612103 0.17240165467194848 0.013336313035324742 0.14433219685684687
2 0.2889686138722054 0.40007289040392485 0.016934011707464957 0.22572774607105864