3 0.7124163587441492 0.4914805617185962 0.09689081231792115 0.6930258029025577
2 0.6256764096190016 0.34038434238863535 0.03831171939110263 0.2509821466419554
2 0.5649325692008222 0.3088640130772079 0.06015222729976806 0.28919147477225654
2 0.5656925504549231 0.6155232408446893 0.0440523834215476 0.23870040145127885
2 0.5314223212151695 0.7152975515517953 0.03265067391627667 0.03546627404661713
2 0.5094028107978652 0.2709027108076224 0.0586587114824372 0.2142460384745874
2 0.44564139973316996 0.2997296044543529 0.06503604547482596 0.21758929328391083
2 0.45892789729889305 0.6834052000078492 0.04699701680591382 0.08121528366526398
3 0.4425150356261753 0.5494121459241652 0.04437603558899426 0.17005952885594056
3 0.3900068009492145 0.6240054073569106 0.06333557710948759 0.36731647477225665
3 0.35125472977122596 0.2873784265942043 0.03818438539871387 0.2478571466419554
2 0.3508196255500632 0.5839086862128511 0.041436719391102626 0.25109127404661713
2 0.29956223718559977 0.32438984247345337 0.04297536167271758 0.13568452885594057
1 0.2503713676042167 0.1539880624363865 0.1192487015966055 0.16955358656782163
2 0.24160515714754371 0.3420609813108605 0.03563770555093822 0.1853571466419554
2 0.23347295805957718 0.5840947138876653 0.05304538144438116 0.22965278366526398
6 0.8300588676042168 0.13374492887163897 0.09827035672980174 0.11421132213985134
1 0.8303692268054764 0.25656486997863154 0.08089185574121878 0.10892362141421189
1 0.7818971650933901 0.7566219228811891 0.07438187056996633 0.17890873920022674