3 0.3062991491645162 0.4762296601318997 0.12877748227986494 0.7068317829810955
2 0.4012774322448715 0.7139018560735654 0.0397123933073793 0.2845386264634332
2 0.4170031803048862 0.32796435607356533 0.06167491802195855 0.4018261204133089
2 0.4634378285180003 0.4151734645830175 0.0279180474519924 0.22510908430895551
2 0.5372149322448715 0.7131109948336386 0.044943721368268894 0.25957498789975164
2 0.559916239088404 0.44351156714054146 0.05189937551288217 0.20025453005422927
2 0.6134736847163295 0.7009513624182772 0.02475855536065783 0.2625818132317164
2 0.6284553334609162 0.3907814768796577 0.03276205634924097 0.2673147650271147
5 0.6281052346025987 0.8594223925707023 0.12141869665368965 0.14286018657189176
2 0.7035893487467744 0.7129241215916593 0.04290106030357368 0.28611930718159223
2 0.7179515735750843 0.43712469087350003 0.03136138243296429 0.23293976502711472
2 0.7670443536896902 0.6891230072284745 0.0360780573378241 0.2720204457452738
2 0.7878422623201087 0.3320553957921561 0.08323158304098666 0.3941408854404235
6 0.16986165308166784 0.8534966629605701 0.10547536167271768 0.13495678298109545
1 0.1925828645641051 0.6409148497288536 0.06905770060802237 0.16130111436318478
1 0.2344891106469534 0.2641978136245 0.06204369665368965 0.14251475292686627