3 0.46705072686479154 0.26507359363763977 0.40383411201270897 0.07589386748388813
2 0.506654743503883 0.337505668237038 0.6785068295453047 0.08120324995351717
3 0.5195462556787476 0.40366791046134354 0.14265115016215582 0.03900229434509228
2 0.28293659983454894 0.4306281175303709 0.23343979139585783 0.0563059544771292
2 0.608345702918804 0.4256318018844456 0.35695911201270897 0.07179283638111045
2 0.2630741132272295 0.4581864810082412 0.2317409237011061 0.048356753440369896
2 0.6514877767820659 0.4766283738919457 0.3848659237011063 0.061753455042777
2 0.28586277678206595 0.5086164164936117 0.2599750178569075 0.05706737210203663
3 0.47707415786949825 0.5255326400089825 0.2755454707790069 0.05530938246962904
2 0.3057582654179802 0.5726010040525006 0.23653751785690744 0.05501685655064783
2 0.6067031566516823 0.5556610544763437 0.31315456493480803 0.06484020735185111
2 0.29027931574229177 0.6271613649384727 0.2102204797074605 0.0667554389257404
2 0.567636702511767 0.6036781809137048 0.2254636501621558 0.04624744929333282
3 0.7732963672844193 0.5966394945798627 0.1256545649348082 0.04843608294074038
2 0.563521946829724 0.6369007840239826 0.24580342370110628 0.04958706277120335
5 0.15473332791715638 0.7063102056549078 0.12452053327818295 0.1622251808672221
3 0.5055963985340074 0.6803083229024547 0.3661159237011061 0.060113042601665966
2 0.3279077751572129 0.7208922410930099 0.2317409237011061 0.04835675344037007
2 0.6357475486961632 0.6955246368514364 0.3098113766232055 0.05206680527833267
3 0.49581802393939683 0.7476714801597695 0.4128272824674042 0.05483907370444356
2 0.3269140653352547 0.7984410426481487 0.25547843262955994 0.06759476899175887
2 0.5706640653352546 0.7771156809137049 0.1911159237011061 0.04480252648462937
3 0.8005833904163324 0.7703018785100941 0.18343979139585756 0.051931521300832985
1 0.5526961262161684 0.1511683355791214 0.4739284237011061 0.06954541413805466
1 0.4011569456152033 0.2105904366631489 0.2131272913958579 0.05452884099925885
1 0.7137387662320543 0.18793772931129765 0.11329093262956 0.05515497464666645
6 0.14892228977100472 0.23891765409976878 0.1298432329538714 0.109646985014259