3 0.496875 0.33665330092778223 0.6578125 0.2255717639641393
2 0.20234375 0.3422984256136723 0.0859375 0.01951501666989941
2 0.74140625 0.426926711997587 0.253125 0.0331624127367947
2 0.28203125 0.40114700925303365 0.246875 0.040464729706256544
2 0.54765625 0.4478297880509047 0.515625 0.057715100019396635
2 0.30546875 0.45384144561755163 0.19375 0.034565673946682376
3 0.49765625 0.4726545738065996 0.640625 0.1460437606301596
1 0.74921875 0.10490819078575968 0.1 0.028475428488610267
2 0.64765625 0.5364614665395149 0.3125 0.041134151526907026
2 0.77265625 0.5732276271502778 0.09375 0.017027745458072195
2 0.59375 0.5851861379011234 0.18125 0.030420307885606058
3 0.49921875 0.582157119564234 0.65625 0.15669421820650484
2 0.60234375 0.6163563895681133 0.2765625 0.04288809910131271
2 0.74609375 0.6796530992704907 0.08125 0.02225737939699588
2 0.2453125 0.648149683948622 0.14375 0.024234209702377284
2 0.6359375 0.6870673733572559 0.0875 0.01964256242753386
2 0.2375 0.6607932051604494 0.140625 0.022416618187108207
2 0.6609375 0.7039518554794084 0.215625 0.030101314553565926
3 0.49453125 0.6950557322913304 0.6484375 0.16543148941833224
2 0.44453125 0.7284742680470253 0.175 0.029910124855067898
2 0.6984375 0.7585754536626373 0.2078125 0.041963585765393316
2 0.33046875 0.7324446777397042 0.315625 0.036701743042176105
1 0.76640625 0.13443619411973956 0.096875 0.026657836973341186
1 0.1984375 0.731042061219586 0.075 0.048309696366457724
3 0.4921875 0.7917394136548787 0.646875 0.12155394366069779
1 0.10078125 0.09807045136742752 0.1234375 0.12257611485312829
3 0.5390625 0.13540953638391467 0.2546875 0.042664958494429236
1 0.81640625 0.996875 0.0328125 0.003125
3 0.5640625 0.17416901850606725 0.315625 0.044514243042176146
3 0.34765625 0.19947268107368413 0.3328125 0.05841724637615604
1 0.77421875 0.23663642290791226 0.10625 0.07117311151914833
2 0.68671875 0.3146501104803783 0.175 0.02678512485506799
2 0.3375 0.30098738364905964 0.340625 0.04030497516432874