2 0.3611878825925033 0.8657200654179622 0.07723711179556511 0.06843075256024847
2 0.42009168975623024 0.5912429811606256 0.05363592068857255 0.06237817363517095
2 0.43994540980398134 0.22446500483814882 0.07060516587924912 0.05712923151356133
3 0.4660565312181933 0.14926758376322655 0.6121924651536096 0.071520557313693
2 0.4757588803150686 0.38703289427245285 0.06144842068857255 0.06283319994353018
2 0.47212538259250325 0.8721814389966636 0.08063493030721922 0.07642526308359265
3 0.5184622462869849 0.44197029423010054 0.7609921299365505 0.5370685045558001
3 0.5139433495602115 0.7955503205384598 0.7624156983633867 0.22060904664917497
3 0.5157191259690813 0.9240393415851471 0.7349404843909033 0.10361896772409729
2 0.5684473442027339 0.6022322310194512 0.06780754809323426 0.06632222099021767
2 0.5805332042690184 0.2561384810194512 0.0935168762235353 0.08809080517696728
2 0.5626412551878415 0.8805847441736308 0.07772818511654264 0.08249325256024882
2 0.6028124205189365 0.6269360994070678 0.0681349303072194 0.07569722099021767
2 0.6231050731513417 0.6735226730704736 0.06700893992586625 0.08810621572854575
2 0.7038987823993196 0.24296989406069133 0.03299603847458741 0.05182010523343692
2 0.7027305418483304 0.8816984650932612 0.07734623920022674 0.07155575256024882
2 0.7145212468351391 0.656144728247441 0.04022818511654265 0.08030912628012424
2 0.7867261513664608 0.33703768345264307 0.052237111795565026 0.06697466837349922
2 0.8118204098039813 0.2461242571160489 0.04905754809323426 0.06523015785015547
3 0.8318997860275166 0.16431281499443923 0.11935020072563951 0.02410389988706054
2 0.8526512517292805 0.3322661544428607 0.024384930307219575 0.07314907366340587
2 0.24232875518784155 0.8619286655309019 0.1044543762235354 0.08872784200867016
2 0.2514483279606651 0.6456134207925736 0.09905754809323426 0.0681423262236546
2 0.25810012124457593 0.5896364365775891 0.07060516587924912 0.05712923151356133
2 0.3563094427514551 0.6243215206937516 0.06479167549789597 0.06926521046687384
2 0.37134419882672287 0.3731230417404389 0.1009474303072194 0.0776083314853265