3 0.3107331923325033 0.487607384102912 0.19101538888814878 0.6668200870642729
2 0.3489906764308787 0.7805827781554466 0.015000525864247471 0.08659259724103804
2 0.3739305596460537 0.23939121212207315 0.019865185272874352 0.25378009724103806
2 0.399015756993122 0.6981520584586001 0.027495828846383664 0.24793953301668664
2 0.41628685886726624 0.431216863976524 0.03062815518548483 0.5164438715512976
2 0.4491150453937817 0.6720532259168831 0.024387549221212446 0.19473264586155709
3 0.4466479602791919 0.47970195160662366 0.11239028371529933 0.6455382293077851
1 0.051046989112940325 0.24848840965636695 0.02322220282385159 0.10106453301668675
2 0.49384590604341466 0.32699967548734177 0.02471782132453626 0.31331887155129756
2 0.5167712775136002 0.20060759385013602 0.012102846397360877 0.09424132293077854
2 0.5485394177218972 0.37812176221293026 0.020898836368230887 0.18206887155129756
3 0.5559774961725694 0.472407350747541 0.12221992478152614 0.6616545522385635
2 0.5787581151354724 0.3679312126879001 0.028359646872214483 0.27762703301668673
2 0.6261379173261856 0.22147893656861822 0.017989133544379497 0.08206887155129756
2 0.650084163498755 0.7217688636378398 0.016682697809286752 0.14440509724103806
2 0.6457493868430847 0.3307753714397559 0.01504598997087001 0.08815509724103805
2 0.6635927340318684 0.7288853228192369 0.015029269596041317 0.1411982100859083
2 0.6598657111371218 0.3049974434660232 0.01877404671392995 0.21628009724103806
3 0.6693951384924374 0.471158032000634 0.13136760424841273 0.6543333751693423
2 0.7083499899043633 0.5191927402775199 0.020716979941740377 0.17581887155129755
2 0.7103370725781775 0.2647951673467414 0.03104672618081672 0.20912269448207602
2 0.7249501196878189 0.632559199458917 0.020121249537781695 0.3161982100859083
1 0.07867188394009084 0.22982694086403138 0.021568774610606224 0.09785764586155707
1 0.7381668366974354 0.7640991265281386 0.04436977711788863 0.07721095318850324
3 0.7663383346523714 0.46842477838258934 0.08757214014178985 0.6504780348257091
1 0.11600834336135298 0.8945102385800393 0.11609166442319178 0.1293333751693421
3 0.10481816145369094 0.45614710142490955 0.029285649379497024 0.2558339201718166
1 0.956904532528165 0.13372447252598113 0.043096782132453625 0.033460953188503284
3 0.14080948574772806 0.4292227532793603 0.027933749537781605 0.3166076458615571
3 0.1900750145149694 0.6433771065132922 0.04093385471063109 0.33445024310259514
1 0.18000706340697742 0.21669177578059756 0.0655915592503423 0.10952548620519006
2 0.2677093033778476 0.29972892582602606 0.017591979941740287 0.17565509724103806
2 0.2927142812080168 0.6481697478522934 0.022411175243744454 0.341280097241038