3 0.7322210213810052 0.46171875 0.07353180546970997 0.403125
2 0.6595646424430512 0.5 0.07722985881338822 0.678125
3 0.5933337356253103 0.51171875 0.03816916394474266 0.1421875
2 0.5677605533436783 0.275 0.05494181788754578 0.2328125
2 0.5708525709316616 0.6 0.06970543274067395 0.35625
2 0.5403212084944293 0.2546875 0.04700177212991115 0.23125
2 0.519608806387794 0.6421875 0.05950125637809585 0.384375
2 0.48976309910131277 0.2765625 0.055547595767332855 0.259375
3 0.4717299315327261 0.4671875 0.053698053343678255 0.275
2 0.42566864819292716 0.2953125 0.05363440940281485 0.2359375
2 0.4408462065375753 0.59609375 0.0630091515269072 0.3125
2 0.3712044177377646 0.27890625 0.06552863152302776 0.209375
2 0.39306253971789457 0.55625 0.04492908909937317 0.225
3 0.39889730684683594 0.76171875 0.04770366061076281 0.125
2 0.35986740244499094 0.5515625 0.04814968394862209 0.2453125
5 0.29285666394474275 0.1421875 0.16151106909549373 0.121875
3 0.3168031865336959 0.49296875 0.05797070728648128 0.365625
2 0.2772629701633589 0.31484375 0.04700177212991123 0.23125
2 0.30082698441736233 0.62265625 0.050254060011638034 0.309375
3 0.24950411623025417 0.48203125 0.05242208001551738 0.4125
2 0.19972790152690706 0.3125 0.06610245849442924 0.2546875
2 0.21962503971789457 0.55625 0.043685582431413295 0.190625
3 0.22509301609017127 0.7859375 0.05086035364324069 0.1828125
1 0.8456135838085391 0.54921875 0.06677136456326452 0.4734375
1 0.787084122439172 0.396875 0.05328372303829667 0.2125
1 0.807905773966079 0.709375 0.05449579454968649 0.1125
6 0.7602354825811946 0.14453125 0.10889625212603207 0.128125