3 0.6951464118804156 0.4965115722449994 0.0691338786047325 0.6042704886359143
3 0.6357714118804155 0.49754796672511226 0.07547478219552861 0.6200045827917157
3 0.35033336074894744 0.4540878875835494 0.01958631303532483 0.1440772824674042
3 0.30857206586399516 0.2594844995962582 0.022874939498757917 0.17225682954530477
3 0.30127421291368783 0.6166793908299603 0.023065837039429837 0.20506932954530477
3 0.26529580629782956 0.610275432225818 0.027698794884952173 0.19577615016215583
3 0.26263285196834874 0.2868515689952932 0.04822037314378349 0.2320682061685102
3 0.25143173155503973 0.24172998376794563 0.024328355189802586 0.15353410308425505
3 0.19037761952954613 0.6256470620954344 0.02873405405833438 0.10517842370110628
1 0.02333608615566714 0.787953967532596 0.03164088544042356 0.06773297077900668
5 0.8071181292921035 0.13514560390162458 0.07559996369925485 0.10443412986961631
3 0.7951918636758137 0.5025785657521776 0.14730433040013047 0.6134466655834313
1 0.722318486819597 0.7351240588523187 0.12943401170746505 0.22723643019392786