3 0.6516981722089926 0.4435130758841398 0.09539829939000058 0.6815048336393612
3 0.5999720180486802 0.4547533358860794 0.03670775151861143 0.3710458236374217
2 0.570289090521354 0.22246686543285646 0.03532317021222227 0.1775509151526907
3 0.531075241263194 0.5336753034643644 0.03259952013597243 0.2615432778797871
2 0.5295010895714234 0.19928432801017165 0.03234364057694457 0.1835458236374216
2 0.4860952752668748 0.2550718134663041 0.03372560904180588 0.24292082363742162
3 0.466811413090937 0.6145583837697458 0.08997822188333374 0.3816323793969957
2 0.417036803952222 0.24043509968104093 0.0216607137152085 0.19359050333397984
2 0.3848594303771178 0.2828297648337316 0.03016419794763907 0.22391573212215254
3 0.35164166119107587 0.5709355427135188 0.1759131090418057 0.25452748758216437
2 0.3458885025654511 0.24858218165341225 0.04840505167111129 0.20357128121376694
2 0.2921095391345831 0.24751376029180375 0.060905051671111286 0.20459164727484325
2 0.2447435766536456 0.2724338830208398 0.02903680262104178 0.17547823212215263
2 0.23450936578822867 0.5446277474149261 0.062322081306388985 0.19846919303247787
1 0.21402351956729157 0.11820863968879958 0.13386846656500015 0.12321384364130097
2 0.17664754008451364 0.28345087347794207 0.031144816488750136 0.1990432778797871
2 0.1580189477602078 0.5812824666602011 0.07093466831236128 0.23348192182065047
6 0.7825007626334374 0.08350073390982873 0.10156511284152785 0.14241038273097573
1 0.7304180117804161 0.6795943549718748 0.061012848023888996 0.14221919303247788
3 0.7138169657119787 0.4212875184575756 0.03881445896555587 0.3275509151526908