2 0.32421731627225375 0.7145296988616143 0.021864365627050387 0.15339773538950344
2 0.42152742049341657 0.420345096588138 0.020018022737412978 0.10808523538950343
2 0.43245428612046694 0.5735519172049891 0.022055366615633433 0.15808523538950342
2 0.44650615174751723 0.7268132848997407 0.024132519771663398 0.0941045560063543
1 0.5424315336118279 0.1687298238599666 0.2685536818249421 0.0765115016215578
3 0.5673094471851623 0.5493622150936687 0.8650041423559772 0.6896186168773821
2 0.6302471403788108 0.6761525860348312 0.038659229276934326 0.2973386501621558
2 0.6747465568807136 0.6761486318949159 0.017524375512882173 0.2001636412337021
2 0.7676092416342242 0.36861459577406386 0.007488847832553347 0.06883182061685104
2 0.8185390247517604 0.5264231416341486 0.012685683802108372 0.0814136412337021
2 0.8341839293906652 0.4697055373320775 0.028740401216044376 0.3221477353895034
2 0.8566306378701718 0.2733623713416091 0.027477695665106338 0.13788182954530476
2 0.8794845005314726 0.4127248802700628 0.02276102076024671 0.09876478246740401
1 0.9553161941822317 0.1470510616818067 0.04109984387822045 0.05068183847375849
2 0.1867558310638203 0.38736145251506227 0.02084569368794007 0.12839773538950344
2 0.20475239186168553 0.6757517966708635 0.02159906326932317 0.3001636412337021
1 0.22678928756616062 0.18195693222252277 0.044126684790691505 0.08664661201270882
2 0.287641851824067 0.4874899119299833 0.022697353764052332 0.09720228246740419