3 0.661152494177208 0.5825563982874762 0.15313791661531706 0.7258860207602467
2 0.5934368109883733 0.32824162999868745 0.04515116971559472 0.2463948389353047
2 0.5099550018508778 0.6853246181356892 0.06378461577619135 0.3484030079086654
2 0.4915908910722859 0.2864759412536632 0.04323347220510563 0.24164367193911032
5 0.3437598101631808 0.12763815764183528 0.12722811867597636 0.15783635771838495
2 0.29534989542196344 0.5700020711779885 0.04339849295103004 0.20270850593149917
2 0.18464827114690974 0.6140783819386728 0.10862167386477965 0.24119268577927463
1 0.15683922800467576 0.15371920209089707 0.07090634108157472 0.11348417984777566
1 0.10528192509095755 0.5238579471479812 0.06766663237293087 0.31740767589344293
6 0.8304659821538607 0.189004010948777 0.1108927236549981 0.14782468775644103
1 0.7473221794406351 0.8415414205305976 0.04903134108157463 0.11259284190105419