3 0.5619690303415014 0.36047330926273197 0.6868222928267483 0.13529745032865748
3 0.640924192846419 0.4453742098715551 0.2275129948042199 0.05430408909937299
3 0.3699397034900807 0.42480752092196317 0.27871486188449895 0.07557305334367825
1 0.14610336574289678 0.41197345470140745 0.0974862772394082 0.19438747091226496
3 0.5834448286161316 0.4787449482026255 0.11555929802252862 0.052933294549686496
2 0.4493265547309179 0.4825559901672382 0.18935743094224958 0.04186799091614422
2 0.6371379111675353 0.5134227082045653 0.1624671490112643 0.03501221303635713
2 0.3992226479259835 0.5103144572864813 0.1722791915859112 0.04202748758216437
3 0.6024622624083726 0.5618603371425192 0.1330745799535137 0.05902379788366652
2 0.42430441141963693 0.5690675750145475 0.18968521287323484 0.046555490916144214
3 0.7378805923618863 0.6210754536626373 0.4003713405971755 0.08239662243917198
2 0.4209116136492098 0.5983086648628266 0.15843521287323464 0.0440045757634536
2 0.44717346489004706 0.6517205783485274 0.19338936708027904 0.03287562818904775
3 0.6959223213266645 0.6875615809336012 0.30543018119435106 0.12436123970819626
2 0.44538672578581034 0.7261466224391719 0.17904264381548424 0.0720976248550679
3 0.754963821578766 0.7653994095719927 0.39779264381548424 0.0899540309239029
1 0.2202446141534129 0.7279649875821643 0.10736402179152656 0.15790783697334126
3 0.42201456378509583 0.7918195488017503 0.25305929802252863 0.06415732122152562
3 0.6880766063597428 0.8197523275996212 0.25927644703379293 0.08641495849442933
2 0.7465335985660726 0.8781226791168301 0.20930929802252862 0.06058604000775851
2 0.4397590746808591 0.8678399148628266 0.15756112772394087 0.0315045757634536
6 0.18682192884856255 0.20556382909743345 0.15699268119435103 0.11224439273291545
1 0.7459619820668711 0.25897393745177977 0.09154264381548423 0.06495506242753404
1 0.5032663836760255 0.24304682213960954 0.15716764381548423 0.07031198424818452
3 0.5166840274915098 0.3016245966854168 0.48430929802252864 0.08303409335143694