2 0.400151032686508 0.2689982148394231 0.09069772287263689 0.018307513879660675
2 0.14323795735454298 0.3057820257567364 0.019622674471643276 0.15120155459579188
2 0.20135952956324998 0.35520223241971155 0.05784886143631844 0.009954793337024804
3 0.5139918606507515 0.492257637264672 0.6881030889843375 0.9531316131967532
1 0.08989583049832639 0.5405365599944627 0.0487657946885605 0.32800388648947953
2 0.28648955024770534 0.6139078015134729 0.0735193132317166 0.018768588833518153
2 0.23429579117251906 0.6430433914267251 0.09692954215447766 0.015583032078257907
2 0.798503736917793 0.6318966240033201 0.04694772287263689 0.015503886489479512
2 0.1456650832288009 0.7229695257567365 0.013209048008210189 0.12267603639719446
2 0.6074201946651193 0.699631243835362 0.10007272287263688 0.018908291177556612
2 0.43960143558993303 0.736176420422664 0.34067954215447765 0.03120324182355212
2 0.7864224143163024 0.8389977251753395 0.08757272287263689 0.01810725478036197
2 0.3482093420093996 0.878802813851974 0.12194772287263697 0.020310104872647016
2 0.28255849082661777 0.07255161628829754 0.07819772287263689 0.017506477482466053
2 0.38973376667743465 0.8964618807862671 0.18601931323171658 0.025977916408269408
2 0.6538553540114522 0.8896962368955318 0.061046584308955334 0.02265505243632333
1 0.8658649955019999 0.9261286829180488 0.03301248789975162 0.03647772054263569
2 0.6990601895969538 0.06227334130675346 0.06259090359079629 0.019630181985972862
2 0.36709711729005096 0.09526962060723419 0.09073408430895533 0.024557513879660608
2 0.48823177390590916 0.0945408305094118 0.09069772287263689 0.01830751387966063
2 0.4612789093463328 0.16348059762827494 0.19542158430895534 0.031266193706165166
2 0.6566232256031114 0.1564331539221098 0.08135908430895533 0.02395673658176469
2 0.7519493611417308 0.1526690013935012 0.07977840359079628 0.020731607032115386
2 0.20701865622307483 0.2532392142211143 0.06568863251355728 0.015142941085271477