3 0.4980969862035775 0.306403892470655 0.6074227621748646 0.0989597161903438
3 0.5049412755708405 0.36146320669500626 0.33012387662320536 0.042278189732377666
2 0.3193486489476351 0.3961668345778818 0.1192409237011061 0.03434842378986112
3 0.6262298944834083 0.3886697585948856 0.3852477532464107 0.07014424016191896
3 0.5973275986233235 0.43467497738722116 0.30835797077900684 0.04738176956056108
2 0.3667497544675221 0.45300333276885957 0.10687729139585792 0.041505826548823066
3 0.27254974107484153 0.4836978120766447 0.18788182954530477 0.03170145861557021
3 0.6005383733800899 0.4743140094993968 0.31795115909060956 0.06037309249133962
3 0.3122883510589555 0.5323499960432712 0.2333034237011061 0.04032618611433296
3 0.5779133510589555 0.5184291796712133 0.29429547077900686 0.04664478516439345
3 0.5794388948904453 0.5651813489385187 0.29149775324641086 0.06523101085413394
2 0.5608019431861619 0.6044043012225109 0.1440500089284537 0.024721118271937216
2 0.37013603287773644 0.6167382841483405 0.12077615016215582 0.032867810944990875
3 0.6200405754914102 0.6091050893275802 0.36606137662320537 0.04416159430036189
3 0.25187122808919804 0.684598570783072 0.1225295649348082 0.04388719810012063
2 0.37607634131972284 0.6788697919502567 0.11617047077900686 0.0373096494796016
3 0.6210206485438933 0.6871072585948855 0.36687958279171545 0.09103659430036189
2 0.46381607468063135 0.7499834741078608 0.3939954618505531 0.0346980630926975
1 0.6824192134754062 0.16561403889803894 0.25668637662320537 0.03842949344127931
6 0.18199647362167587 0.21603667853955955 0.11249209172016936 0.09487648801421233
1 0.6880555588490235 0.2004427402775199 0.2244466209411625 0.06952236318355451
3 0.5371555320636623 0.2598664071699761 0.40218979139585775 0.056982498868346276