2 0.6937934468102773 0.5934400753047123 0.01769925911805572 0.15674107332097761
2 0.680217990028923 0.7735814430907272 0.014100174011944588 0.06918650961864685
2 0.6180310338162496 0.5563914538905003 0.018534407294444576 0.12554563702330857
3 0.5721561425737148 0.5117857928205746 0.15960626975472286 0.6862698606144388
1 0.5496168338718401 0.10285473692279212 0.06104790919430556 0.07394842068857255
2 0.52886008425309 0.5243477910064761 0.02224128875333342 0.15065476442797027
2 0.5237758068020135 0.37326644064365644 0.02314917211208343 0.12258432813030104
2 0.5143760909026035 0.7099306269413256 0.01758884992375016 0.08492063702330857
2 0.4636189035916317 0.4047867699550839 0.021804877659166878 0.13190476442797028
3 0.45838458330315934 0.4953026425504222 0.08714938829583385 0.6587599303072194
2 0.4521514606779856 0.5615452014434296 0.01272081838861112 0.14407738221398514
3 0.35458743607670096 0.48698665634542027 0.15560844756638942 0.6486607332097769
5 0.3182395473027083 0.10024805897782545 0.16780705547083344 0.0995337524470707
2 0.27353745782819405 0.4755555938242158 0.018097996200277855 0.10679563702330856
3 0.2632175536678815 0.4822321797590652 0.08344250683694501 0.6336508029025577
2 0.24586182703489526 0.7240104519915838 0.0233673776591667 0.13195932813030103
5 0.22855683862149284 0.22456352349846292 0.06173889342673622 0.10363592068857255
1 0.8886474326582284 0.8215179792030618 0.020859320288472104 0.09127976442797028
1 0.8948747824850694 0.11725706513791123 0.1397184230620141 0.10011410580511529
1 0.8678978683536798 0.8731796829239261 0.023220600873680296 0.05857639183263217
3 0.8327851712590622 0.5005581492586622 0.04277591356270847 0.36213790145127883
1 0.8217333428024647 0.7738319581516696 0.10014808320625015 0.1440079495445131
2 0.7525729540284718 0.3859475230351268 0.017117377659166877 0.1317410733209777
1 0.7565396343086805 0.08115089563046507 0.11061149810013901 0.05694445916315991
2 0.7435038125015968 0.5404440500769688 0.012428571238402774 0.06444444591631608
3 0.7316584291428467 0.5118825404583219 0.1631313132577091 0.7035664880191004