3 0.29514160780730775 0.4705423572388539 0.14525855644149316 0.7085775258355556
2 0.38455935148578624 0.7063869786297566 0.046348578036176404 0.2850296166412498
2 0.4092913502491686 0.3204494786297566 0.07104579425987545 0.40261716014423615
2 0.4536840954688065 0.40678571571197875 0.03316865514950216 0.22543641109416673
2 0.5204968514857862 0.7032229981970481 0.050996505241787206 0.2601750870059723
2 0.5494879488002942 0.433418991263194 0.05656658235511323 0.20101829255305556
2 0.5970290731081562 0.6897404200247912 0.03088426434108591 0.26282730832062506
2 0.6192485387135465 0.37952961863802026 0.038997152990033965 0.2676966462765278
5 0.60795967381875 0.8478432075438537 0.12473678901808824 0.1448787017473613
2 0.6868530367109615 0.7001310997363188 0.04957370758582584 0.2866648518236111
2 0.7076509022240668 0.4242771145539577 0.03679430289774892 0.23332164627652788
2 0.7508549799557015 0.6752388960890966 0.04242254163898203 0.272456881458889
2 0.7799845820505713 0.31806217572437434 0.09242014651162904 0.3953138064207639
6 0.14991663634182134 0.8499233455553471 0.10861114126984162 0.13670252583555573
1 0.17759675509412903 0.637096037234722 0.07281334361388007 0.1623922036472223
1 0.22829047655961537 0.2599152881846526 0.06536178901808824 0.14349673328250007