3 0.4734375 0.3559565249704943 0.696875 0.13310524707313381
2 0.2453125 0.4687835789451077 0.2125 0.04610944753799586
3 0.5171875 0.48805347694796575 0.1375 0.12211493664223276
2 0.2515625 0.5292840363704606 0.2234375 0.0656242720436282
3 0.521875 0.6127256950169805 0.1296875 0.06688113342392406
2 0.27890625 0.6719032251063803 0.24375 0.0857946604112307
2 0.54453125 0.6736414156838854 0.2 0.07648536238870207
2 0.25234375 0.7729794060486298 0.19375 0.044798319814055174
2 0.553125 0.7714779821437459 0.2140625 0.039968708181657674
3 0.53828125 0.8357972082585323 0.128125 0.09958437278026225
2 0.26953125 0.8577150389683507 0.175 0.08098719209011448
1 0.203125 0.23345236632397443 0.075 0.07086951089576328
1 0.66796875 0.2236035748346083 0.24375 0.1139196604112307
6 0.115625 0.26613346236903157 0.1109375 0.11400750569998319