1 0.3131495312876824 0.28905000554402055 0.06354583148532651 0.10180469468185845
2 0.350358917879389 0.5510571818806147 0.09754139988706054 0.12402830517696728
3 0.4022538887990194 0.6883527845538029 0.07857856826055958 0.17275423151356134
2 0.4121694021649606 0.468283208259561 0.1284581999435302 0.06665542093374803
3 0.4148485391801902 0.2854784135353503 0.1097669260542455 0.28046031570031094
3 0.47296820720075344 0.7046155504094056 0.04531104195220052 0.1630306210184525
3 0.5038332573983976 0.49430040571342976 0.05915925227790009 0.3740591262801244
3 0.5631990940748087 0.6656524899707665 0.08048967875566859 0.20556673151356133
2 0.5721058442865703 0.4417221663073606 0.10333637357870132 0.11657982622365459
3 0.5810804839326357 0.25933460053646246 0.09239741553090183 0.27633425782192056
2 0.685993310015116 0.4993687953594952 0.13460178413027996 0.0919284367187636
3 0.7030883467056446 0.658288769051136 0.09611467875566859 0.20647678413027998
3 0.7141659997176513 0.2562866532943553 0.053152905007558 0.2709341262801244
3 0.7805722497176513 0.25241892967330176 0.06322512599777567 0.3369231473268117
3 0.8043778309206292 0.6476859270424657 0.0392276419239657 0.19226309471009326
3 0.8569945967056448 0.6493247507764589 0.05227367349399685 0.20236613680346807
3 0.847115007610159 0.2508949560522481 0.06809463652111916 0.3403211631118273
1 0.9508719412745636 0.8210184692770148 0.07660727360693613 0.08543624203690499
1 0.9331897445265666 0.1674916508752809 0.04368835779368574 0.10843412628012436
6 0.32713903868608 0.811880560791575 0.10039338410204497 0.11952281570031076