3 0.2971469836511966 0.44868041804198766 0.11618464037881075 0.6723737526992923
2 0.39401271338524146 0.5371374215664726 0.09326452174882985 0.10987375269929238
3 0.3924290142600939 0.6906884740559835 0.08471187551288217 0.20580155933798813
2 0.4390108314837498 0.3693928918974785 0.053438017794497125 0.0881637734452168
3 0.4761009490879665 0.20458410807929955 0.08117038144438116 0.23357136182749905
2 0.5381593028148377 0.4973976474965559 0.0996126808363588 0.07452824855010753
3 0.5446281842220378 0.6635787545501702 0.10004771543676991 0.23811715186945542
2 0.6496870518262545 0.49361960682989975 0.09610567885919252 0.06491645020978147
3 0.6550072687087182 0.649762863053677 0.09912188539871387 0.2536237526992924
3 0.7699782830803553 0.17920006408865102 0.11031405338349139 0.2607025468904335
1 0.8372414485564939 0.5736469584849292 0.09319812653864652 0.605209563487173
6 0.1460249050588342 0.8316373958461707 0.10279603064607841 0.15265324855010753
1 0.20003319760509175 0.2325128116130733 0.049734697642272785 0.15019017676456467