3 0.2877611080951719 0.30787059577735915 0.2342798247398008 0.06184898376465035
3 0.709216706240721 0.35191229098552546 0.3885512449116174 0.08639679058178365
2 0.48301937641253756 0.369818991068251 0.07818031094499087 0.12156708279171564
3 0.718984531885033 0.43403899837185167 0.39718926051544956 0.07249793181548565
3 0.694578753390902 0.5343020511317952 0.33765048620519006 0.06833653733537268
3 0.6703843368371301 0.6088111274306891 0.25656426051544956 0.07004331330995513
3 0.5785553629564119 0.6587235783241935 0.1403726944820761 0.027427344966580235
3 0.32904668588719044 0.663734812092139 0.234122694482076 0.029063757303600647
2 0.4952006303692665 0.6916121704514 0.09076219810012062 0.12334777110331832
3 0.3490216711878693 0.7023297077900679 0.2702239687923356 0.03281604869945838
3 0.6604471720923805 0.7319622552717104 0.232710680687266 0.0914819366867496
3 0.31976794040974615 0.7845558267026357 0.21076708163720576 0.030217154219345586
3 0.7226439569180896 0.8017350129823482 0.3672627431025951 0.03763200811437954
2 0.4885146183834788 0.8023314821397973 0.09817190637700648 0.08601141233702023
3 0.7336943215719821 0.848760017446575 0.396042840343633 0.05062293181548583
1 0.14849048394188252 0.8674250535707223 0.12710913387576941 0.1317875624991764
2 0.5254967192425615 0.912251952918804 0.100730340343633 0.04546823295387128
6 0.143577338873295 0.22261711404130374 0.13640889077317436 0.10072847727182861
1 0.7241246540021574 0.24914184699187986 0.13410940637700647 0.08663870373287823