2 0.5964706181645331 0.8835987946346732 0.019900816149401555 0.16767857332097763
3 0.5918674860353659 0.5674281576113647 0.23709336078407475 0.8010615361123345
2 0.5613962137180293 0.8800273613322289 0.019464306530754705 0.15517857332097762
2 0.45504213094804075 0.25211563774109874 0.01655756134007813 0.161319445916316
3 0.4091913952911931 0.5571379544386545 0.15340784154678105 0.7731696598887993
1 0.9078347040993824 0.9046405032496789 0.020079376223535304 0.08341270072563951
2 0.3119766001931837 0.6530828822988031 0.021666701991583805 0.26293650961864684
3 0.2740078634400276 0.5531994441870355 0.14187014082114172 0.7556002139724832
2 0.23573401480648842 0.84284229754508 0.021190497637747274 0.15992063702330875
2 0.23878218077055555 0.4643626334799295 0.017738115423762225 0.15043650961864685
3 0.1803397089935239 0.5475818720471841 0.09126994009550224 0.736666675497896
3 0.11080845899352387 0.545153787293461 0.08792668528617882 0.7303075480932343
3 0.874751874787955 0.8440378199472347 0.03258435462398879 0.2180605192372937
6 0.8636408593484944 0.13184535479362497 0.1328720421027846 0.1404117235911302
1 0.8332811705189365 0.6204440633238126 0.036795650270152434 0.1152083377489479
1 0.7953843225183694 0.7872942574260302 0.12153772721932725 0.21804565027015244
1 0.7942013123515685 0.5971776889143758 0.03953870435383653 0.10437996515360962
3 0.7283952630772079 0.5776712315653145 0.059360197267078266 0.5826140925582715