1 0.7410453968776098 0.6362268633068245 0.06297139077317446 0.10315669303247788
2 0.7053724112382467 0.37473125391370804 0.09684842378986111 0.12614765394280303
3 0.6542935108541339 0.23845878512747504 0.07759381275401314 0.17436201333591955
2 0.643101462572299 0.45905819861317576 0.12811171189493056 0.06957866061076282
3 0.6393600661449153 0.6421735875530693 0.10816213930283639 0.282652745458072
3 0.5836977278374471 0.22382207134221188 0.04437187697836435 0.16387105242559433
3 0.551619969469704 0.43514207967716156 0.056989142920880906 0.37493609818322876
3 0.4932708016727368 0.26494102104264944 0.07931344301173801 0.20717451333591957
2 0.4830647212787264 0.4893829116495329 0.10268898801421251 0.11884533697334128
3 0.4730323812737776 0.6722272336199646 0.09081086499257687 0.27812474212409233
2 0.36955109791840657 0.43431238756276774 0.13410940637700658 0.09496129788366652
3 0.3533861080951718 0.27557511635094034 0.09493844301173801 0.20844997091226497
3 0.3399742198083883 0.6783811230189001 0.051584590682317355 0.2718110981832288
3 0.2735679698083883 0.6838018177183679 0.06127385119776694 0.33794628121376713
3 0.25206926956056114 0.28855309059718515 0.038115232925829724 0.19292082363742172
3 0.19947985809517185 0.2881383734779421 0.05110655585660826 0.20331618969849793
3 0.2070388890756937 0.6868787624178356 0.06612512550802645 0.34145391848667045
1 0.1066328595655099 0.11839957151138973 0.0761331320667471 0.08711710485118865
1 0.12050824683218131 0.7724014163606386 0.04306832654882311 0.10931109818322877
6 0.7301013370642726 0.11301263285166194 0.09964587516934209 0.12015274545807211