2 0.7233976211014388 0.5782912308676688 0.01807352076024671 0.09851931323171659
2 0.66465799657714 0.3826832941975812 0.015359697642272963 0.14692954215447768
2 0.5989706240671884 0.5916265021412993 0.021575205550938215 0.1844568132317166
2 0.5762507766917457 0.12988502624360027 0.013704355741218598 0.10630454215447771
3 0.5123288340295697 0.40132368900777865 0.9272494743711995 0.6739860468298599
1 0.4924990840667509 0.7964271107489475 0.2837966798477757 0.06413626463433122
2 0.4803943790101043 0.6143685896717086 0.10787343878220526 0.5005090601084585
2 0.4421635726608633 0.3470220083878153 0.015648857718385045 0.11568863251355736
2 0.41103961216700924 0.1390776981811608 0.011123183802108371 0.0812954517953981
2 0.371969136387297 0.2536669181269315 0.01914522532260161 0.2781704517953981
2 0.3155851211014388 0.5759186471478885 0.015105029657495272 0.14067954215447767
2 0.2552153765014653 0.2061237767345796 0.015174013840164414 0.06569772287263698
2 0.22894196695682573 0.6347754966803503 0.021540713459603643 0.2219477228726369
2 0.18574779349765969 0.2072817557555366 0.015232363649884029 0.14380454215447766
2 0.10228533056952871 0.38253576492891883 0.024724063269323172 0.30007272287263687
1 0.09600342745067983 0.841765319183645 0.04409750988583174 0.04712043969514994
2 0.9180800628122127 0.6981457094958422 0.016956689733607533 0.10944772287263689
2 0.8796914530794802 0.1777332155459665 0.013738847832553348 0.06881363251355728
2 0.8885875865010278 0.41522867036642663 0.021829873535715905 0.1907068132317166
2 0.814567813269323 0.3046678993873837 0.012685683802108372 0.08130454215447766
2 0.8232238661585232 0.5554400590283042 0.03001374113993265 0.3532159035907963
2 0.7898370687065306 0.33029915846257 0.030639776728926905 0.5219295421544776
1 0.7932630880210836 0.8169224596922341 0.03386034684397003 0.06424430718159221
2 0.7775877139910763 0.6239082578968359 0.021795381444381156 0.2281977228726369
2 0.7666953404553605 0.4332650771786767 0.017084023725996288 0.1125727228726369