3 0.6579235843697967 0.5701596867917015 0.09339928287476411 0.7670923247398008
3 0.5917720454946672 0.5612107326986872 0.1322434590534467 0.7644520036180446
3 0.507542594708879 0.5536638263216804 0.12904568444634085 0.762725729307785
3 0.45154730583374947 0.5452471387370095 0.10055681141081152 0.7534392605154496
3 0.9342122183635808 0.3214986160086296 0.027628502066914605 0.19160764586155699
3 0.4149377177444083 0.5409790405914603 0.08464071298238807 0.7463703889641522
3 0.37373267494033735 0.517674337402957 0.03358740363849115 0.1856851944820761
3 0.9003143298216827 0.8138941559227213 0.030971825888232017 0.1964589201718166
5 0.32310774441842877 0.3435098190855913 0.042410131926869356 0.07392217887824382
5 0.24098025682442553 0.1395006705105008 0.05930653349844608 0.06857293758467105
3 0.8911492690255347 0.37171329997525604 0.03940937220695986 0.310685194482076
3 0.8627437092673528 0.7798157270444775 0.02708053846084475 0.14637703301668664
3 0.8159800252307876 0.7413397252354552 0.06470908684648684 0.452292840343633
3 0.7836577925991831 0.4600587477366925 0.0426713052100677 0.17992651741285445
3 0.7172621970662438 0.5740526486866321 0.09303540983923497 0.7592798247398008