3 0.6872964482943006 0.4060405281002583 0.027490851492938794 0.1257640039543327
3 0.641207688154842 0.5536450399632564 0.1361988519971419 0.27665002471457945
4 0.6550509389111465 0.7740212069594509 0.1534741972858944 0.14491986364988402
3 0.614307426502774 0.258587207948034 0.12732659654926018 0.23889535672980183
3 0.97421875 0.4015625 0.0484375 0.578125
3 0.49611443739853733 0.338616900647391 0.14409846932952242 0.3673386917107737
3 0.99375 0.72578125 0.009375 0.0578125
4 0.5065916595780514 0.7573496546017237 0.14467835149293878 0.13053902866891196
3 0.4272330334435945 0.4291729164647218 0.02720662822814397 0.16626166996194397
3 0.39851744360272356 0.601140758365776 0.08944382031825819 0.3432990138401644
3 0.36767844494010593 0.2161436758562619 0.06280563861970415 0.09604201186299814
3 0.3983199736921234 0.8448098453239142 0.014685212873234654 0.031759335969555026
3 0.9811710424977724 0.7207755542605314 0.015340776735204998 0.04113433596955503
3 0.27804214457178883 0.2675881121298282 0.0478583457929556 0.0159725098858317
0 0.2872689511442922 0.4779671966165086 0.11193155347041017 0.08557935574121878
0 0.2941359462006137 0.5873740301146058 0.11527507475773362 0.08883168973360753
0 0.3035869918773537 0.7225302801146057 0.12039961733238061 0.0952726907221905
0 0.2721688390076916 0.35165936460128616 0.09761768119435103 0.10369268577927473
0 0.30117182208296905 0.8448509490879665 0.10611859604505716 0.09157468775644091
0 0.16057577514572124 0.346804721331088 0.08533620248167448 0.10630834980971962
0 0.1610670840640131 0.46587305631205994 0.07454081411407194 0.08561384783255335
0 0.16388571748793712 0.5958152242968374 0.06861859604505716 0.09004667984777566
0 0.17046313544073638 0.7122851412930318 0.070978771539425 0.07923651384016459
3 0.13976089457178884 0.27322264129303186 0.054108345792955606 0.0162271778706093
0 0.1775868566118443 0.8365675582892262 0.07668246832111633 0.07167868182494175
3 0.9305387138816409 0.2880094752110586 0.08061512353656682 0.35072951186299806
3 0.9397544487985037 0.5430471436901276 0.01926345222957302 0.030387836958138337
3 0.8149565445914593 0.5622348368837763 0.21269565001967053 0.3233923735357159
3 0.7854940116520679 0.26414750536284537 0.19666645843375932 0.2946943705699662
3 0.9953125 0.38359375 0.00625 0.0796875