2 0.28761103094531937 0.42927206604072543 0.01692673871722894 0.09860113200190898
2 0.33270926761748426 0.6251754593809523 0.013648626022532006 0.14698408800127272
2 0.41302020790492355 0.416664072724361 0.01942726458147632 0.18453863200190898
2 0.40349181439792126 0.8784282760582247 0.012466559250342258 0.10635908800127254
3 0.4864025689502677 0.6074259800684059 0.9194586376345075 0.6792224481221762
1 0.5338424879258061 0.21253165073995114 0.28306856426490723 0.06577264003818009
2 0.5332334195042637 0.3946174447405875 0.10204851411925801 0.5010181546785448
2 0.5528028072717853 0.6621231180776328 0.01430184389007838 0.11575226933481808
2 0.5694123310909687 0.8701992474140419 0.010176633544379499 0.08134090666772735
2 0.6165039429277357 0.7558645747533141 0.0159051109788372 0.27821590666772733
2 0.6954235309453194 0.4340173940960865 0.013466769596041317 0.1407340880012727
2 0.7299837697290552 0.8040759027689044 0.014409492478152685 0.06577045066836362
2 0.7862136669969813 0.3756787301081769 0.018955903140420817 0.22202045066836362
2 0.799560483835678 0.8033224721116767 0.013557697809286751 0.14385908800127253
2 0.8953001958307297 0.6285957394573124 0.021229108471554525 0.3001454506683636
1 0.9336666431777978 0.1695116407940396 0.04355142319868044 0.04736589600572701
2 0.10122255304864317 0.30831303401495386 0.01568248746358769 0.10952045066836362
2 0.10327050554329036 0.8288255286839539 0.012937920691397941 0.06887726933481808
2 0.11096229974993788 0.5913346193507264 0.0196091210079671 0.19078863200190915
2 0.17728833023303886 0.7022999386934987 0.01173913354437941 0.08135908800127271
2 0.18614781934597918 0.45153687002704423 0.025899888096725922 0.35330681333545455
2 0.2038197379923131 0.6768186806969986 0.02456001161197552 0.5219840880012725
1 0.23438805720527825 0.19029083469922575 0.03311402837152997 0.06442612667090888
2 0.23658574003737715 0.383350491366953 0.019137759566911505 0.22827045066836363
2 0.23416411902941006 0.5740118540340439 0.015773415676833036 0.11264545066836362