3 0.36338370560602706 0.5237947727164067 0.0793088302037388 0.7414977040101813
2 0.3868722443426592 0.24670556138604302 0.08513859016268785 0.13223179201145402
2 0.3877438770526083 0.3654737427195885 0.08188632513557322 0.11032042934436319
2 0.38870186817381375 0.46939817405313394 0.07238406010845858 0.08833634134309047
2 0.38878770570422294 0.5889385147199067 0.0754545179539809 0.07899770401018139
2 0.3896320673369331 0.7123941960534521 0.0848295179539809 0.07910679201145392
2 0.4145427263886784 0.32515782538986104 0.0724931444174139 0.10708634134309047
2 0.4169217960633026 0.5877032787237246 0.07075792759490121 0.0773806600095451
2 0.419970048891973 0.4666368007240428 0.06613406010845857 0.08826361600890867
3 0.447336524789672 0.4630487240610881 0.07233160147736939 0.6164249786759995
3 0.48737415486734237 0.833070870066815 0.025654505853732346 0.11279090133672724
3 0.5059893621236895 0.45357427406904227 0.03484978219552861 0.6191136266709089
3 0.5947836965308408 0.5007043600811326 0.1105588302037388 0.7418613306810903
3 0.6955876724285399 0.49797080609481376 0.0668088302037388 0.7413522533418178
3 0.766699603146699 0.49567305677113155 0.0589872398446591 0.7396988466740906
3 0.08917859114464652 0.5182601986791813 0.11223950487177384 0.7621920120146356
2 0.17055481441006692 0.7660988093570898 0.10367951190385667 0.09651246801399935
2 0.20572469994868636 0.7641641393618623 0.08496587334017516 0.10254429201145392
3 0.23138881704234557 0.5160084500318167 0.16390199882164963 0.7799794960216353