3 0.4622556639442591 0.26924588376974584 0.7669452729789594 0.15586478396801873
3 0.45227178979328053 0.3765322252850149 0.7616569956810633 0.1461071466951152
3 0.4833029418604638 0.4501611728594206 0.5736773318936879 0.07480674729423989
2 0.32252703963639706 0.03548355340402133 0.11790699568106336 0.07096710680804266
3 0.4433311790605374 0.5645583837697459 0.771551232262828 0.22773978396801872
2 0.22312000617386318 0.641598471202129 0.10075906847545246 0.11702774545807201
2 0.46178198797526593 0.628333970284045 0.10524630937615384 0.11428538273097573
3 0.4293013525655204 0.6985985439214668 0.7506799228866742 0.12034187214930796
2 0.383295756478405 0.0946122877125489 0.0997577729789592 0.10140274545807211
2 0.7575145064784049 0.06406507875907767 0.10737001387966068 0.0989154742462448
2 0.197989312153931 0.11207020999224135 0.08160855027685518 0.10924719636645772
2 0.5476691371077885 0.10062368740328816 0.10857156847545255 0.11766547424624481
3 0.46856262800848975 0.12118161499806032 0.7630168414544117 0.24236322999612064