2 0.6279622046603903 0.40704972091115843 0.1155830320782579 0.10133168973360736
2 0.5945654071613122 0.7448534684397006 0.03961891424880086 0.2291436719391104
3 0.6002353277316347 0.2774603799986875 0.04009857803617649 0.28526633794672146
3 0.5812595805094118 0.5124574625082015 0.024077850092285046 0.035266337946721474
3 0.4881361320228847 0.7922139466908706 0.18492901912144788 0.35662136760421675
3 0.9294023935861935 0.3112384496938012 0.03440978253968332 0.26945033695813836
1 0.8944269023809504 0.844800366195704 0.035893136950905104 0.21964133794672164
2 0.40826696175710414 0.7184634288963736 0.029603564156515817 0.19445033695813835
3 0.4007698465485408 0.45653909045536045 0.06342876310446818 0.6493288379467215
3 0.35523849861572404 0.5314462485543063 0.0893275339239592 0.7859666749048598
2 0.35589623997785075 0.3622824130790428 0.13773743676633482 0.15522069368794006
2 0.35120394972314484 0.11770474212851564 0.03797966378737554 0.05765067391627663
3 0.328021563851974 0.3572301571475437 0.04346101480251132 0.43501166996194396
3 0.2250947139165725 0.7532973908359214 0.19250168722776015 0.328878369581383
2 0.16012865284237562 0.6425562090109793 0.01714553207825791 0.09732066897336082
3 0.13033862816537337 0.5207157011023139 0.06561062923588228 0.7320140039543327
3 0.0746393406884446 0.5098299392393157 0.11400855644149314 0.7090513478325532
3 0.8621998974437048 0.5654192723174835 0.12434288401624442 0.821678681824942
2 0.8138496398855656 0.41540734345829106 0.10324132325581452 0.20056768577927464
3 0.7898638224898473 0.5452394234963471 0.02920544108527139 0.0666436719391104
3 0.8048226981819854 0.2873632565001527 0.04302331893687779 0.2822686719391102
1 0.7619963317460294 0.9067671725077637 0.11073484577334831 0.12295202174883002
3 0.68359375 0.81953125 0.2203125 0.3578125