5 0.4627524465308408 0.5181523722286661 0.05061918617910823 0.37753850180902226
5 0.5703200277165383 0.43157414235505404 0.11994083703942984 0.21091092378986112
3 0.5863525312325797 0.7653283446390462 0.016143150467538094 0.08988137155129756
3 0.06177120863108922 0.5315233169378847 0.024565746287566848 0.46364642017181656
3 0.6482707482514842 0.8686038308442363 0.016061337235821684 0.07581887155129756
3 0.6787779432111911 0.326286856059007 0.016061337235821684 0.07581887155129756
0 0.6767542965542819 0.9427749932141367 0.028579517953980903 0.0795989687923356
0 0.7160895073266704 0.8979471720923804 0.03695562021691714 0.1768834045679842
0 0.74177791296057 0.24362484226419703 0.03948065651766246 0.07392217887824373
0 0.7560559771742452 0.8789415445481892 0.04184310811666876 0.21150406603337366
0 0.7829205425472612 0.2911073518751354 0.03693743949875809 0.1737584045679843
0 0.7997059832243696 0.8984218848918222 0.038390855189802585 0.15509029172311414
0 0.8258256600337038 0.3042967486412036 0.04802038524403187 0.1993316146538925
0 0.8608803534412868 0.7265745403643177 0.0944045058537327 0.11741322930778501
0 0.8745666453011769 0.5233233876053557 0.09434996369925486 0.10803822930778502
0 0.8760029220357565 0.2764483876053557 0.05078177088084708 0.13699538896415203