2 0.3801245070089466 0.6296470137235465 0.11445200361804461 0.1000574874635877
2 0.37411468792335534 0.29170674452321665 0.036955524648943694 0.22885242570596284
3 0.4227767537295863 0.7588176881758681 0.03677846223361492 0.2850114974927175
3 0.4143589868825586 0.5237750984424249 0.02367651741285446 0.03501149749271768
3 0.47453741180407355 0.2431448755603136 0.18084272274906432 0.3547282670887588
3 0.0912434707128995 0.7288895296251712 0.03127209068231733 0.26925010517284953
1 0.06406025723608924 0.19531851167848252 0.03333920171816525 0.21938649749271755
2 0.5625973337849124 0.3159124373179384 0.027341507236089236 0.19425010517284952
3 0.6004912386915808 0.5775546309705899 0.05585816937884687 0.6490739974927175
3 0.6371037680902231 0.5021741977427797 0.08016985187513548 0.7855116026655671
2 0.6561038308442363 0.6712197144358271 0.13598616689245624 0.15372805674305995
2 0.6891907270444776 0.9155607478219221 0.03724105042954129 0.05568771034569906
3 0.6844335487320606 0.6759443183550353 0.038389629126071155 0.4348296410662268
3 0.7408551305964091 0.27897604163285805 0.1887437539567287 0.32687605172849493
2 0.8183803443003619 0.3888798905375014 0.016014503618044528 0.09719324874635875
3 0.862185655245353 0.5102835290964458 0.057073188600723766 0.7317955692794721
3 0.9188860345985663 0.5205139869348623 0.10576299411864767 0.7082504206913981
3 0.12859522727162018 0.47411711309040827 0.11478386928798998 0.8208413489046433
2 0.19414606343138172 0.6234555350354475 0.10094278154634875 0.19951191818411546
3 0.20293348597804747 0.4934414261016743 0.028439260515449583 0.06635242570596275
3 0.21800736657445655 0.751299390208297 0.03973968792335532 0.28197742570596274
1 0.18866410956550989 0.13185906842154235 0.10934842378986112 0.12175063103709696
3 0.2752434187014785 0.20614366607254447 0.21323914292088092 0.37751254922121247