2 0.3065189556287251 0.41122338198206965 0.02932056285771356 0.3165178203034419
2 0.40401631093274926 0.4623550604706799 0.041439673211647945 0.4978953660610763
3 0.4798929908626614 0.5464109382006859 0.9597859817253228 0.779397363065452
2 0.5065413424321932 0.3867329203228384 0.02081084186749571 0.2505101830305382
1 0.478125 0.94375 0.303125 0.109375
2 0.49619058745287 0.6857443762321939 0.0910308785580245 0.41485946757828496
2 0.5925727637894641 0.7155909860843522 0.030958657567806823 0.34464282030344184
2 0.6678002769436437 0.71780693245081 0.020053436718763605 0.13070786606107632
2 0.7046603240163417 0.4083999815424244 0.019325394625388626 0.11820786606107632
2 0.7374420029131846 0.3576983509374806 0.01428928413027979 0.08514027454580723
2 0.9060338372411085 0.49548474867136577 0.0332646102127601 0.3308354118187108
1 0.9715957369869948 0.23237871291567092 0.0394867052052021 0.06387105242559432
2 0.07006697418575095 0.5355704513674275 0.021585115615606342 0.18370532030344186
2 0.10052583183826233 0.28215840894377286 0.06504814732681177 0.048851830305381407
2 0.1605939926721896 0.6120369697043169 0.022768184017340376 0.20401782030344168
2 0.17937189767974765 0.34354206121958597 0.03491811547443202 0.3325254575763454
2 0.1796107612292154 0.7572377704629213 0.026696820820808487 0.24477036606107633