2 0.3132441689361797 0.3671377538451872 0.023798233231267042 0.3161982100859083
2 0.4114933265408339 0.4048657259168831 0.0327461047898165 0.497530097241038
3 0.4812394004374262 0.4791829732033497 0.9624788008748524 0.7520935187675917
2 0.5125557608372339 0.3161540287212736 0.01643671939110263 0.25032754862051904
1 0.4943231422072529 0.8784083672558843 0.3006950197716634 0.10930855947465261
2 0.5074266145641051 0.6142230365231898 0.08386825300293062 0.41289614767057936
2 0.6041915266173836 0.6309800893275803 0.024944239162766203 0.3443232100859081
2 0.6793506941078696 0.6231432558813521 0.017784360684134626 0.13034259724103806
2 0.7107704263505535 0.3112231100197952 0.017275024714579246 0.11784259724103804
2 0.7426226042211628 0.25654225407232983 0.012813017794497127 0.08486632293077853
2 0.9133741615218061 0.37076744912023274 0.0274962361970168 0.3304244843961678
1 0.9742612178710468 0.1009595601560807 0.03842051285158128 0.06282090456798431
2 0.07929363878439287 0.522062028494131 0.018386538554743814 0.1833857100859083
2 0.10529635916407869 0.26655565694283345 0.06428267589344294 0.04702548620519007
2 0.17102354095183964 0.585857855608781 0.019214209505270884 0.2036982100859083
2 0.185099264297275 0.3169440812985215 0.029122403193211 0.33206887155129755
2 0.19254176080005284 0.7273935803940104 0.022432051406325072 0.24440509724103804