2 0.6147955599538657 0.29295767861544253 0.13157726400381797 0.038070530293694026
2 0.31951887527850253 0.37933842219117253 0.19255112667090887 0.04581309793005204
2 0.579593309277548 0.36665621035902907 0.1755090773392725 0.057010707058258704
2 0.5865331052673667 0.4410642145082139 0.21282726400381796 0.04422728714217126
3 0.7895762892664122 0.43270357238702084 0.15979317067154533 0.0480142153566284
2 0.2839439072645032 0.4850682039347591 0.16126476400381798 0.04032011452679143
2 0.578220618594867 0.4846249603590291 0.15973862667090888 0.043326715356628395
3 0.766401871260367 0.4789516103543846 0.1630090773392725 0.05606351369695446
2 0.30545473325114014 0.5817889159673952 0.21435340133672715 0.04122068631233429
3 0.7512212192473221 0.5761109528858519 0.2478567920114539 0.10308206888575774
2 0.555100197247004 0.5933137987413113 0.13034202800763595 0.066077131123531
2 0.533933174570368 0.6682904879534307 0.1477477040101814 0.08612952199532416
3 0.7276195399029589 0.6590777408532158 0.2134454293443632 0.09735228714217126
3 0.5363763745624139 0.7266474396131046 0.1316499893379998 0.04432053029369385
6 0.14372163331477356 0.12570762717483877 0.14035337468172657 0.12147502614450914
1 0.7010977813096829 0.12093912342663922 0.238518154678545 0.10549667386477965
2 0.6603540552991835 0.2013020522657963 0.18470226400381798 0.042096102079236884