3 0.35310254875899405 0.5330299293527656 0.15826037635173637 0.7766931759985709
2 0.42054977619345185 0.7342207247774042 0.10345527210332381 0.12574268119435103
2 0.4230931368430847 0.3929073099266981 0.08664820533113407 0.08402507475773371
3 0.5630769423325033 0.541475485925269 0.27660119939213246 0.7709344849168629
2 0.6178085917785074 0.33245540102807664 0.09722199247815269 0.07228989926336578
2 0.637236890208297 0.22310218036117183 0.06044941818411544 0.09466764381548423
3 0.7387899961725694 0.5514235583372141 0.0927884890464334 0.7237759896084398
2 0.7594758838735839 0.7532427844520007 0.0903187746106063 0.10299359604505724
2 0.7678289753228869 0.42403053185411055 0.0791084899708702 0.09285377153942491
2 0.7659960391920826 0.3342414121759415 0.0711141335443795 0.08605746832111638
2 0.7663931927947217 0.24070993346326497 0.08067098997087001 0.09296303218308673
3 0.8495911038527012 0.5544935640371974 0.14899302493981068 0.7261468727802625
2 0.8532904168639673 0.6280403246808591 0.0825062746106063 0.10244729282674854
3 0.17013092438581465 0.5147776840443427 0.2176353763517364 0.7808450804577168