3 0.5200618556803127 0.2451800161957542 0.03457137797604233 0.09431868506293446
3 0.46116964079026557 0.862746024494124 0.03402507475773362 0.08650618506293455
0 0.46302488786339946 0.16231904938923325 0.06560285668871887 0.09356166846619489
5 0.8999964660522025 0.663523000023222 0.10784389507599172 0.4309199585081512
0 0.3374265021705615 0.947616086731897 0.07588479282674854 0.08501546265733637
0 0.3816931243697462 0.21348954046616356 0.08564184110137862 0.20232136182749913
0 0.26112608212407534 0.8931402290535828 0.07204923466476129 0.18574916846619516
0 0.30421833439298923 0.23196593071325688 0.09807613912390725 0.24678175684847722
0 0.17996891727336922 0.8744242726200241 0.08975018689433423 0.21662066016782547
0 0.2204278424387609 0.2059819259393721 0.08443997402109957 0.18513386182749914
0 0.08214342246914931 0.9031394232400798 0.08828623986054136 0.15123245850815117
0 0.10444293747541192 0.40453597987877554 0.1728033514929388 0.13743191286711748
0 0.08856352430180313 0.6307432823682865 0.17712704860360626 0.13224750539858476
3 0.8655064875916274 0.5839413211840648 0.03555472376899793 0.10838118506293455
5 0.6808479922832045 0.7537299124661322 0.25065483590559856 0.2505723755244535
3 0.6480779590148369 0.36876199399993725 0.03399222376899793 0.10826278589277143