2 0.7653465942945943 0.32483509562569013 0.12246150496239885 0.0872973457733484
2 0.41547287283064155 0.36127654997231334 0.10258565260503386 0.09537066162790726
3 0.5919433275453712 0.36866184608711544 0.2296575748547749 0.11441865514950225
2 0.8286192280834905 0.4547543306662954 0.18982878742738726 0.0620155459579184
3 0.592934285155585 0.49789876311369347 0.2500770827126576 0.08457046884459274
2 0.4387304745688338 0.6144923851052037 0.0896147717116218 0.11790699568106326
2 0.8426902284977753 0.6041838317460295 0.13757708271265798 0.07736114126984166
3 0.6188867014094701 0.6598084777962331 0.31286818114108106 0.0948256508305656
1 0.05844377688341744 0.7959750316168326 0.11688755376683488 0.18929993676633483
3 0.5897192781262717 0.7676104858157975 0.24644266046291677 0.07343270974529403
1 0.601086963610579 0.8580154403193043 0.45425516046291675 0.08674993984865367
6 0.10651321153915527 0.13805310765042422 0.17311647642635147 0.10456399136212666
1 0.7431570328792734 0.13230643661867653 0.10886988585581073 0.06305880937615385
2 0.42798148904174516 0.2265010317737161 0.06875430810555194 0.07139294108527147
2 0.7672430421848985 0.21722285472498876 0.07867296360606986 0.05021884793281668