2 0.2995843051384889 0.6068302203385542 0.006595433645025484 0.05941136143631844
2 0.31179795882748096 0.6559762474659172 0.009720433645025483 0.05942954215447784
2 0.3442519105246832 0.583133645104785 0.016224963699254767 0.10321590359079628
5 0.3768997422995558 0.8798086572050334 0.2006272347764936 0.10897606596219092
3 0.384527452580965 0.5086830909482548 0.5413906736860763 0.6718770835233885
2 0.42120425420341245 0.7842416271508041 0.012863614363184794 0.06257272287263707
1 0.04212737090428824 0.2786517199457707 0.047529505853732466 0.11277271077238851
2 0.4623570159108775 0.5590098229942739 0.0256363251355733 0.10952044574527378
2 0.46498607046019114 0.7785183470965749 0.011228391490547728 0.05006363251355737
2 0.47898702147002226 0.2518922145830175 0.016261325135573303 0.10946590359079619
2 0.5143462419067724 0.6196427959651067 0.013027240826617792 0.09069772287263689
2 0.5501286849215716 0.7803666725267357 0.01292724687674216 0.0735102228726369
2 0.554322322994274 0.46238428698811623 0.01288179508134384 0.0656977228726369
2 0.5577371727231274 0.6811070159108774 0.009756795081343838 0.06567954215447766
2 0.5617449793155446 0.2607854255517978 0.01448065651766246 0.07195681323171658
2 0.5630700882177804 0.5701422448336386 0.015988614363184793 0.06259090359079611
2 0.5740888805686497 0.6903865671405415 0.012963608313060603 0.07976022287263689
3 0.6852677959651068 0.5139644468254284 0.03314988504764003 0.3267443071815924
3 0.7586406216898551 0.7932156095896068 0.03197722872636941 0.12518180718159239
3 0.0760665545493137 0.21908127722555895 0.015788626463433132 0.02821590359079611
1 0.9349830122966403 0.15861737491130898 0.04713862041330898 0.04558521077238855
1 0.12400408479993472 0.3047369760940908 0.059956782981095545 0.10034543364502549
2 0.14462863954564018 0.6538239158874364 0.015988614363184706 0.06259090359079629
2 0.15008934094825482 0.3866136899897373 0.017605656517662417 0.0719749939498758
2 0.23240693725926276 0.33691769613805733 0.01595225292686626 0.0563409035907962
2 0.26098086827200956 0.5281512293155446 0.016079517953980903 0.07821590359079629
2 0.2696059136479411 0.657002937161067 0.017551114363184704 0.06259999394987581