3 0.25513266564513987 0.4882248597926525 0.07347149651314729 0.44867651741285464
3 0.31498399368490804 0.2930042130265843 0.06566041357240682 0.32384029172311407
3 0.28698082205398284 0.7019697772509356 0.08913757832259206 0.27218926051544956
2 0.32110012676666777 0.5430927442342488 0.045428660132036926 0.09259029172311414
3 0.3603361584350933 0.34350882406243227 0.07859105758740696 0.2405298247398008
2 0.3726530648439363 0.5582773309598373 0.04867123732333321 0.058542840343633176
3 0.430608993684908 0.28694456354698267 0.09624603223407338 0.3534392605154496
2 0.4726427943915751 0.5087100209193576 0.11212814458064795 0.07275582654882307
3 0.49713282087620436 0.31767558514370875 0.0827700011312956 0.30607293758467113
3 0.4733967756826402 0.6867564557904952 0.11085675344037008 0.23599945499752567
2 0.545269650093751 0.49634946178338896 0.06171804147037037 0.06544793758467123
3 0.5685874473135654 0.2742697438955645 0.10808165089574011 0.38205558344622803
3 0.6056309516488898 0.49085305631089343 0.05570036173444386 0.24555151741285464
2 0.6564511578694454 0.4788576673467414 0.09663984561740727 0.0734994549975255
3 0.688655939537871 0.2796422393730088 0.12300402186648078 0.3392882293077851
2 0.706110113807177 0.5423569233396353 0.06212814458064812 0.07013543758467104
3 0.7165705772377791 0.6716792531678187 0.04724402130083298 0.1844502431025951
3 0.7642615322805562 0.28656726877165095 0.08943010424157354 0.31108798620519007
2 0.7534628589062047 0.4722181637286968 0.12660074769092589 0.07818031094499087
2 0.7744595726196307 0.5255545256690559 0.07027283524981484 0.056564260515449584
3 0.7786604741275014 0.6730912669626287 0.06138443374194402 0.20385534034363317
1 0.7619439914223165 0.8730503233850637 0.08210845391148122 0.0851805834462283
3 0.8167618156924081 0.3087012183421096 0.07140327417555525 0.26503850180902233
6 0.1204878062197701 0.8094591299190406 0.10786987153638869 0.11297139077317446
1 0.17543347813351917 0.3236477826780025 0.0886892275213885 0.19595430913596862
3 0.20391404382592726 0.6736610707830719 0.05232108350638835 0.2780364687923356