2 0.34011493051276426 0.5964214379078608 0.019367151869455413 0.09084318831160268
2 0.37990409400458164 0.8530981319015065 0.1515391892121193 0.0229307597392328
2 0.42864832470854974 0.7943583315771949 0.010630769296031772 0.05792159415580152
3 0.53984375 0.4796875 0.9171875 0.7
1 0.6152980649602875 0.9037491481368563 0.32867037427505374 0.05411039610167094
2 0.686376469104828 0.7061553534945875 0.01962726099766208 0.07368296185055315
2 0.7161240913052893 0.7580490901019068 0.016715748550107535 0.0970386412337021
2 0.6983819908764376 0.19355021347870144 0.016051975104890738 0.04709318831160272
2 0.7970915940045817 0.8458160970017656 0.12294059253146727 0.016189836038126515
2 0.7683546392214081 0.38398825284596433 0.020077546890433597 0.10021818831160267
2 0.8068638000139332 0.5515069894532838 0.03518601909553922 0.3407886412337021
2 0.9056383838228234 0.20323135633725659 0.01913035352912935 0.08771818831160268
2 0.9505681010535515 0.6413080547951291 0.021616736102552637 0.12053068831160267
2 0.14502941868990954 0.7163868847408803 0.018419958508151167 0.07834318831160267
2 0.9677430230442315 0.5995472487887745 0.028152001249399917 0.18618296185055314
2 0.9578898132866804 0.33530747078559736 0.023367567636358187 0.0612647824674041
1 0.98515625 0.12265625 0.0265625 0.0359375
2 0.12988228984146363 0.2996942625819017 0.020360966806520952 0.06277273538950343
2 0.16676086350110625 0.6315209610397742 0.02561715186945541 0.09095228246740401
2 0.16461617781347188 0.5103044801144977 0.019367151869455413 0.09084318831160268
2 0.2338756632913248 0.5364754679396331 0.033549896270377924 0.19563978246740418
2 0.2245445170209468 0.3410675105533068 0.024906756848477228 0.081577282467404
2 0.2196659176410023 0.24571410024488133 0.021663357678314198 0.07996023538950343
2 0.3266122280278977 0.789881111608967 0.015910265146846923 0.06581591477265239