2 0.8943902977854622 0.3583961432688875 0.16841780933083328 0.01698076866768634
3 0.5801323081530547 0.3795303981368562 0.8120679389257404 0.22322995778677263
2 0.8951223211125455 0.393593303577313 0.15591780933083327 0.01676258035608367
2 0.28289430612680455 0.5326004456184987 0.16189440725731483 0.013746674511885004
3 0.5922200794538878 0.5624110819842321 0.7798227839774998 0.13998108116356728
1 0.8772746909519906 0.046500115265710296 0.0843162114043519 0.018632997564368026
2 0.6996408916594431 0.6544292122608855 0.26359360829407413 0.01708195454365722
3 0.6048259691335635 0.6975536952147569 0.761678376720185 0.12874357223511357
2 0.89791158779523 0.7206058169699936 0.16074201036759278 0.018406900972934716
2 0.5206751445341652 0.7373622633959759 0.15109360829407414 0.015118259739232798
3 0.6106842813391189 0.7913446055231824 0.7401164435438888 0.07844356330665984
3 0.6167674774749058 0.8608758555231824 0.7335930414703704 0.07520946915085816
3 0.8209754642790739 0.08269275974582321 0.21937471658814828 0.02879102191409726
6 0.11318208812453678 0.13103971996822789 0.147146985014259 0.13049779788867957
1 0.6034065469369905 0.1357843522767715 0.11693322177194432 0.0348034683433748
1 0.7741776681905552 0.16488369683960996 0.22404167568342573 0.11779897483619654
1 0.5850174233743515 0.17600993182207625 0.10626912384546294 0.037737553570722414
3 0.5736397174366199 0.24271619075052997 0.5846675259189814 0.04920825648952647