3 0.6423199838042458 0.5621974773369491 0.1157096942097187 0.7664181788591925
3 0.5763281308998164 0.5540228799986875 0.15441699669922962 0.7633223537640523
3 0.4921899292401424 0.5474598622041903 0.1511735975290666 0.7616325197716634
3 0.43635432633571297 0.5396991003411922 0.12245660167825143 0.7526740138401644
3 0.9262735443916338 0.3104571996938012 0.03319469875988901 0.19138900395433273
3 0.39981317509095754 0.5358591759306239 0.10635800499759948 0.7457873438782204
3 0.35922406388815836 0.5130464170333754 0.03897110207923689 0.1853936719391104
3 0.8779811062051998 0.8029802807204405 0.0366748962703781 0.19620383794672164
5 0.3135950230210095 0.3395651546760858 0.044508861827499045 0.07346667490485981
5 0.23728466721679506 0.13662188539871384 0.06122276514684701 0.0679170118629981
3 0.8816821721911726 0.36114560779274707 0.04844303569227861 0.3103936719391103
3 0.8413457891935417 0.7693573558155806 0.03132362282516112 0.1461401709505271
3 0.7956314701072913 0.7314461789335546 0.077848961006951 0.45178267589344295
3 0.7714532219813911 0.4506935860439173 0.047872505398584765 0.17952567391627666
3 0.7016357842191643 0.565398073192336 0.11511769835890355 0.7586056788591925