3 0.45661693322259056 0.29563539255925014 0.7184682001845701 0.11033940458403499
2 0.37473707511074095 0.35877940564284255 0.09735466378737553 0.061710315700310936
3 0.5837418352897739 0.36450794794797886 0.20436612739018098 0.0554896787556685
3 0.22590954889257925 0.3978026502399964 0.1981557001845701 0.08003465244730927
2 0.44532088294573535 0.3990334083442656 0.05993380937615385 0.10934417889684286
3 0.609874736277223 0.41824759797621375 0.30420544108527137 0.0830980102409951
3 0.45601974861572403 0.4871403530967113 0.12391716378737563 0.06325740514873246
3 0.2162563417681788 0.5120016581325041 0.18695738433001133 0.09961911035393456
3 0.5414170280730882 0.5148565584430876 0.0033252590992987052 0.003307010523343834
2 0.43685993600036765 0.5310646583442656 0.07860466378737563 0.06061825256024882
3 0.5835148905038745 0.538089661116276 0.24967862739018098 0.05812883134415223
2 0.36276229951088806 0.5820803977503348 0.07073160703211538 0.08350972099021767
3 0.22836751311369347 0.6023613476232779 0.20965440468807692 0.06513769454068416
3 0.45221602329272625 0.6072253399425316 0.1269816070321154 0.0867859104104042
3 0.22100679365079193 0.6564951107774576 0.20047966378737553 0.06771666297065301
2 0.3589480822074548 0.6780376398578271 0.08297079117755661 0.10445925782192056
3 0.44325323103543557 0.6863591030967113 0.1247182001845701 0.07575740514873246
3 0.2037902128368383 0.7065329081325041 0.23641716378737554 0.0698097839891055
3 0.5656603547249888 0.7438314269012916 0.22704216378737563 0.06926375241907437
2 0.4043025501291969 0.771909466222656 0.10015829117755662 0.10546031570031111
3 0.5605432557124379 0.7993911821629632 0.2713929410852714 0.08118689974588626
1 0.7263289420173473 0.8115286191640756 0.07507914558877822 0.05418624203690499
1 0.20445394201734737 0.8419243765624731 0.34216651603912895 0.06818564178279089
6 0.1446955289959389 0.1954959685711432 0.12565893892580315 0.11472889988706055
1 0.711432446022517 0.16949230858426204 0.15310401603912888 0.05717400512049751
3 0.4938153470099661 0.23742877943330534 0.4851154796419344 0.0640581258566014