5 0.4098733418674959 0.2407989994313191 0.17131209983059073 0.18187086189159735
3 0.52265625 0.46640625 0.9515625 0.7890625
1 0.6549524965221181 0.875805859804305 0.22836719468185845 0.06304943312999996
2 0.6892162915286775 0.5910301630909369 0.015017326223654592 0.09709320554708327
2 0.7299106390107809 0.47038970155992993 0.02461911035393456 0.1815773083206249
2 0.7649156995905944 0.4132486955760063 0.03412843117474296 0.4252182055470833
2 0.8366864708490432 0.19487859565225624 0.01814232622365495 0.09716594072944443
2 0.8758201914157379 0.7055978901051729 0.018430752560248464 0.07532730832062491
2 0.8757643814006218 0.1673705382815618 0.01852175782192056 0.076889808320625
2 0.9008601758424838 0.4773631341212493 0.01768729991529554 0.08935344072944443
2 0.9475586835232302 0.7015812309108673 0.016761836746998427 0.10025457313826394
2 0.9364112679923284 0.4295971281373257 0.02484589448421417 0.2658432055470833
2 0.9716823681052679 0.30986520317545063 0.02930661035393456 0.18168641109416672
2 0.9890625 0.5828125 0.01875 0.359375
1 0.9754003603539345 0.15879301244600613 0.0296720894484217 0.027217116641249994
1 0.15325234456891895 0.17323486540697902 0.11098227360693613 0.08372299620027786
2 0.16318108141473933 0.16909222606430543 0.024148673493996676 0.20029094072944442
2 0.19077181527678794 0.5353530056995832 0.03779946274477401 0.4346659407294444
2 0.2360975387566672 0.7494330362847915 0.026150789250777427 0.2346659407294446
1 0.2551190964938832 0.9148398307377082 0.10142526308359248 0.08037979065319475
2 0.24816781534737511 0.45969773584795115 0.023815473550466405 0.14098867591180558
2 0.25658580205202114 0.6042289858479511 0.016655420933747944 0.12521820554708327