3 0.4621169374509524 0.39457144406426975 0.6993300617576249 0.09248387476126832
2 0.23117316284034617 0.4887919693666348 0.21340928213245364 0.033722661362180516
3 0.5019342922280904 0.5302367714035422 0.14077341567683313 0.11409995735199914
2 0.23565006268206162 0.5498021947008166 0.22489235141192587 0.0525999306969986
3 0.502984663698276 0.6552913154041786 0.1313696719450393 0.05932155068427196
2 0.2587883828194636 0.6946516180378619 0.24575042069139794 0.07158628803308939
2 0.5238223494333687 0.7180549447405875 0.20181856426490724 0.06482721069381689
2 0.22933891204892337 0.7935612853675893 0.19465928213245362 0.033504485359635086
2 0.5295518607161398 0.8165924420750874 0.21478992570596275 0.027490842695726058
3 0.5128668143979211 0.8797009694064059 0.13076191818411545 0.0921158693507266
2 0.24402588618467588 0.8796987800365891 0.17700042069139793 0.07078630935709
1 0.19591893910030506 0.2500198233609078 0.0769094924781526 0.06649770401018137
1 0.6601034595542762 0.27808502009067765 0.2465687746106063 0.0997112880330894
6 0.10764604928771945 0.2755641686823629 0.11402905925034235 0.10754087468172653