3 0.7006746449126748 0.3664677019956473 0.27943452885594056 0.06020314485894733
3 0.6863591737686153 0.402692244419302 0.2340674651536098 0.05494181788754578
3 0.3058185018989166 0.3918835795564754 0.1931349303072194 0.08743558243141329
3 0.7273958907363236 0.4847233654813481 0.3158829495445131 0.12238415152690721
3 0.723256516959859 0.5669619095719927 0.2979315577118811 0.09910614819292718
3 0.31274809209493526 0.5903210795564753 0.20794147477225647 0.06527354000775851
3 0.7125943246717401 0.6408777706320992 0.255416675497896 0.0862874127367947
3 0.6128423505324557 0.7067422735070371 0.12169643992586607 0.09406847758022466
3 0.34070445570459884 0.6993292887998107 0.21911707694917473 0.11760131455356593
3 0.7243180530721937 0.7758267265414546 0.3481299651536098 0.06425265819486689
1 0.20298125561193164 0.7932551477338853 0.10291172359113024 0.13616038273097572
3 0.3443155837422328 0.8250467659209935 0.18880952885594054 0.05280549091614404
3 0.7360219341050523 0.8655907282084445 0.28655754809323425 0.08571332788948567
6 0.1917038942797027 0.20261417227969244 0.12805556733052798 0.09770366061076281
1 0.7387425853866952 0.2519426874517798 0.12987103847458742 0.06045875212603189
1 0.5428125264936878 0.24062319486864564 0.189027783665264 0.05905549091614422
3 0.29834825308004287 0.3118134422835718 0.21602679328391083 0.0737237687959313