2 0.7296206227649743 0.6674475082467632 0.025426619051959243 0.23643760517284954
2 0.6891692375557643 0.6935864594212622 0.034494084205568855 0.27260242570596294
2 0.6766220752198941 0.4013307632613282 0.035510947182260465 0.2570228898125855
2 0.6060566371929446 0.6825831117702601 0.033328399089026205 0.19452288981258564
2 0.5949529237686153 0.3646143617702601 0.03285717313564333 0.22572742570596294
3 0.5607094208582085 0.7249691885715797 0.06600203375008214 0.3702957796251713
2 0.5445164141499685 0.35065951035833426 0.03532740870767306 0.2070683539192082
2 0.4567907248570745 0.38634930628084146 0.04090777531256151 0.2774717821324536
2 0.46010922013256916 0.704871985747728 0.06938000489414158 0.3329321719450391
2 0.38488104163944825 0.6738061906831507 0.03745539309857637 0.26800585391920817
1 0.33248266170289786 0.17903324828414036 0.22707342068857256 0.06592183135366607
1 0.30911957277282354 0.22518082257817745 0.21797123920022682 0.07346154671392995
2 0.2912128871929446 0.6734220942857898 0.04644844718226029 0.2573411385589443
2 0.22328134272790745 0.6948591735943919 0.06765381378714892 0.32819920783841655
2 0.2052108666897065 0.40088185306127844 0.04995539309857637 0.26836956677218976
1 0.8693974292957289 0.8260449214163138 0.04148315027015244 0.11515363855894449
6 0.8457465535355299 0.21582047525637976 0.09795140507947586 0.12304034639736088