3 0.722981127032938 0.5575858413067534 0.0631286245614799 0.5931282387412331
3 0.675436329086654 0.33269526527316184 0.029103862661300894 0.14056444324473977
3 0.6431649985543062 0.3480792358157976 0.031112031634661717 0.1516020727943892
3 0.6130145835352783 0.35784426203395936 0.028814702585188635 0.1717143136950905
3 0.5825670326604258 0.5141035564507184 0.06825647634836596 0.6807283682908822
1 0.5371246096955513 0.09090588834440616 0.051782675893442945 0.046954145588778265
3 0.5242597841433005 0.5248896645625679 0.09306547535978282 0.6776429410852713
2 0.42375310676698275 0.4804165761904752 0.018474063269323084 0.3004005181985974
2 0.41172529205196595 0.5696991216869683 0.01950336958138301 0.17267603639719448
2 0.3884072198853942 0.2281123989848643 0.016036176882026076 0.049338665946843815
3 0.36979511862998093 0.5402712399778508 0.2685111443331435 0.6997949506459955
2 0.2878222184397005 0.6238533004337387 0.022617735208433486 0.32560077729789594
2 0.2699343814815622 0.6077672254798813 0.03193438539871387 0.24827681369509058
1 0.9552709980971958 0.7220734361572513 0.0777960306460784 0.1499184592838688
6 0.9037682816346617 0.092475573726465 0.10541169467652338 0.13922079117755654
3 0.8125582801889678 0.4876156978774436 0.1865263152836704 0.7148005845145814
2 0.8143104170705566 0.7420726604005148 0.023265039543326795 0.18850129549649317
2 0.7848245524320893 0.5951371036452546 0.012813017794497127 0.08497577729789593
2 0.7629071541817941 0.2879253809431505 0.03945772532260179 0.2799273318936878