3 0.3476254385715796 0.5146599706995192 0.09914613763450753 0.6738566070321154
3 0.4054462987589941 0.48434261258766964 0.03889999326957536 0.37211483189368766
2 0.4337698755603136 0.4355651511443327 0.028149046713929947 0.21702681369509058
2 0.4434249865391509 0.7135900215946833 0.053086862232478535 0.27009125693983016
3 0.4776586163891136 0.3568300794296776 0.07489967775102695 0.32295544108527147
2 0.4885255717202476 0.4344043669066064 0.031183118500684514 0.21410207279438911
2 0.4973456084050477 0.7375293669066064 0.0276034774344577 0.1982768136950906
2 0.5509790737653116 0.7246998974437048 0.05061508010002491 0.23874112739018116
3 0.570005240762293 0.35639118600036773 0.14983749326957535 0.37922402991878956
3 0.6478694794795219 0.45002246761720033 0.032580482449022695 0.15492733189368782
3 0.6834816852063673 0.6786388209486878 0.08732546991261039 0.2676066070321156
3 0.6849399189755383 0.3521566641011426 0.06828596489804539 0.31005492288667413
2 0.7406409673388209 0.7062841571613123 0.026830587621872227 0.17171431369509058
2 0.7852942377927921 0.680724150221482 0.06399561850068451 0.21620479333702497
3 0.7889574807331631 0.4300232433739367 0.14673391066226812 0.16536178901808823
1 0.8177837920285695 0.8289218183277942 0.11522784639736088 0.10095932757475126
2 0.832896663498755 0.7027202637320024 0.011069195302004075 0.16602551819859723
2 0.8693509890464334 0.6643796545404186 0.02655780298213628 0.16233931369509058
6 0.23600259461499423 0.8748138255721664 0.10979620031656916 0.12868380937615384
1 0.2514538175636125 0.3298424845791799 0.06973348997087019 0.09180557063492074
3 0.29034413598515485 0.5097209492617194 0.05426423198680439 0.4713533682908825