2 0.7522651564759583 0.5932993755012317 0.033685857192921984 0.23723989087179334
2 0.7127709677400387 0.6237807035105518 0.0440113519971419 0.2737693867226085
2 0.6899954773752942 0.3317708022657963 0.044481245560524484 0.25826278589277135
2 0.6293575341998991 0.6214621095291921 0.040110819814055176 0.19576278589277152
2 0.6071229932147361 0.3034933595291921 0.040733532687290006 0.2268943867226084
3 0.5855418322224277 0.6687640846340828 0.07891051190416949 0.3727755717855429
2 0.5562489080654421 0.2947821329744088 0.04254740496334897 0.20838118506293446
2 0.4698632938351547 0.3398121356737012 0.05058913392812716 0.27893048340326043
2 0.48433996514214855 0.6591541315245164 0.08097575645628793 0.33563076929603197
2 0.40809989323440654 0.63587184210726 0.04680857006615664 0.2693186850629344
1 0.3384172798372983 0.144785823435928 0.22915190445914596 0.07642448050347546
1 0.3166950991471503 0.19355521015853636 0.22032320767745456 0.08352658548249732
2 0.31451378419989917 0.6453195423170414 0.055418745560524486 0.25909158008391275
2 0.24740269385482513 0.6739666058042145 0.0790854745253026 0.33082487012586875
2 0.21904919284641897 0.38080860165502955 0.05930857006615664 0.2702658784242386
1 0.8974569601984701 0.7378045468672115 0.04547602698730664 0.11690408008391255
6 0.8524469288485627 0.1278258956224561 0.10216306956195353 0.12741645020978143