2 0.6746753514773693 0.6547117598880592 0.012773752534082838 0.3162620368317029
2 0.5744253666026798 0.6059186731410608 0.015390734187318423 0.4976030420933748
3 0.501314598648699 0.5235619284733198 0.938465661585828 0.7575461464797659
2 0.47725545081343945 0.6838245942865703 0.007704457452738822 0.2503640210466873
1 0.4692954215447771 0.12105157850155472 0.297420421544777 0.11104099971765131
2 0.4684879422292324 0.3849775706090469 0.06956917407885985 0.4132882262518895
2 0.37070442720211777 0.3574147417545564 0.012937378997515837 0.34438703683170296
2 0.29572715309981684 0.3569527391943076 0.013254499803608244 0.1304155420933748
2 0.2787861345566608 0.6667981760542454 0.013181776930971268 0.1179155420933748
2 0.2494077067653678 0.7181940760824803 0.009865879390299348 0.08492103157003114
2 0.07290831839807799 0.5845184841443973 0.015980565765799336 0.3305065473550467
1 0.024462769800692615 0.8487938157708982 0.03629202400410509 0.0630306210184525
2 0.9019685836215843 0.5250297780921491 0.012001072012315461 0.1834495368317029
2 0.887825312151562 0.7788072254754307 0.06275453005422946 0.047390210466874014
2 0.8070373578220812 0.45077395976100226 0.012119246680350314 0.20376203683170288
2 0.8054758995837755 0.7193419492376586 0.017552156124878947 0.33216005261671844
2 0.7788618399662962 0.3062126176817449 0.013918096016420379 0.24447804209337481