3 0.35013647549004673 0.5154778707361038 0.08835821650437206 0.6101632262518896
3 0.40533240697839246 0.5108960575254545 0.03651294119181063 0.3311435841867496
2 0.4367982057045989 0.6975083917122041 0.032271841377145095 0.12038809471009326
3 0.4346701881965857 0.39097767065139927 0.06342267077339052 0.38728716837349914
3 0.48018358483854107 0.4216963206090469 0.04199904935917864 0.30963260523343694
2 0.4944817309323423 0.6525290916557344 0.039647831758498245 0.10834312101845249
3 0.5235368030721936 0.7477806784733199 0.02842264427970278 0.18877407366340576
3 0.519890925582714 0.4201107047816791 0.05482643157316378 0.3197356473268117
3 0.5728993968115914 0.7101133494776549 0.03625499164729753 0.23445059471009344
3 0.5636235674153459 0.4444883494776549 0.04150797603820085 0.2955701052334369
3 0.6104167218618496 0.4448747573278104 0.06014884863353913 0.2935371683734992
2 0.6493254544386545 0.46507313623877067 0.022207360614438797 0.14475105787839038
2 0.6583259761230189 0.6558346441312786 0.03076390507947586 0.12185958944842135
3 0.655064533750082 0.4061531625471299 0.037767906345420245 0.3670810841867496
3 0.7241370037978332 0.7766168519673166 0.04175596878180663 0.12405912628012424
2 0.72058043946253 0.6524436045981524 0.0352877139724832 0.11744510523343692
3 0.7331076881965857 0.4083596756307225 0.08464290634542024 0.36981124203690496
2 0.7932515584296713 0.567794859789237 0.027812552987375838 0.3945690473550467
1 0.21252980416850203 0.3258021787556685 0.03394844718226038 0.2577060841867496
6 0.2542089389143759 0.8272127603115822 0.09293652286549073 0.11612479991529553
1 0.2474677993591786 0.3215997971432851 0.06561510943331239 0.22680469468185843
3 0.30426841478294075 0.47460297077845615 0.049960371499029946 0.4036556210184525