3 0.36483536705426467 0.3990126163509403 0.10923951572536197 0.7829717387901123
3 0.4485793113787386 0.39453266831749273 0.14048951572536197 0.7855226539428031
3 0.551173385252862 0.3900846711924307 0.15072610887781668 0.7754779742462448
3 0.64288002390181 0.38731074437081037 0.10325033157992074 0.7622766015172087
3 0.6986491625507579 0.38747036997478435 0.09181218383167415 0.753571281213767
3 0.7478679125507579 0.3834526786092965 0.09181218383167415 0.753571281213767
3 0.8081242921004073 0.3801046669403669 0.12003731338132333 0.7574296048511886
3 0.8849371159745306 0.37784736362093446 0.11993718383167433 0.7556947272418689
1 0.1095425855943156 0.12849204863257246 0.02343510487264706 0.12315045757634535
1 0.1229239651439649 0.12897040969267892 0.030246309376153847 0.10816318636451801
1 0.14756421730343325 0.08455085893407455 0.036356607032115386 0.0822384151526907
6 0.2086573272609841 0.829560469994181 0.11506140036914028 0.14617311151914833
3 0.1803674228866742 0.04496232938729751 0.022315090992986432 0.03290809484924895
1 0.19743141424880087 0.21320214635675935 0.1081896391103733 0.1844703369733412
3 0.28802254318014137 0.4013561084750326 0.12173951572536197 0.7839921048511886