2 0.6964286329317753 0.49269310605900696 0.06607146641955416 0.28419793758467105
3 0.6274826815731638 0.34949198269868714 0.08529269237293705 0.2540124706013579
2 0.616207908792491 0.5625718368371301 0.06708335099579195 0.13452548620519006
3 0.6154886900955022 0.7652874010614814 0.22649804573098145 0.23333920171816533
2 0.535672182206136 0.46711217265820737 0.05809527531256151 0.27910100180902225
2 0.4486359736759482 0.4758077419709412 0.05814983901489228 0.2806635018090223
3 0.3793230116023814 0.7240571342144537 0.18467264427970279 0.19683513568479166
3 0.345066996456621 0.25670918193046155 0.24918652286549073 0.12379378335537101
2 0.3476910325689556 0.4658385204650723 0.05373515752654665 0.288230340343633
2 0.31050849109914336 0.450632922319523 0.03389388347992952 0.2559976944820761
3 0.24643858973268254 0.7373682824508598 0.08639883538669527 0.1963637449116174
2 0.23056801995508386 0.4838747902527761 0.05982146641955399 0.2838703889641522
1 0.16342512685650754 0.21365746551297518 0.07637404935917864 0.31125176051544956
6 0.8043030980005671 0.20981308627130318 0.11072422359113006 0.13369332654882315
1 0.7957119034350134 0.7677141174789677 0.09557542794496676 0.23583568068726599
2 0.7375992699550838 0.5104471720923804 0.04359626569391466 0.26586401741285465