3 0.47214122882986836 0.3193402108076224 0.6810383576783142 0.10325901940692975
3 0.47526530621448854 0.37065717414713356 0.37088118506293455 0.041002033750081955
2 0.2374450748858205 0.4140252613479273 0.17736798340326043 0.03736113466105593
3 0.5436116418974786 0.4352801801375833 0.2613877858927715 0.035620074586922
2 0.2077449968765004 0.45635909428755195 0.18338118506293438 0.034454389470379355
2 0.25689196928209873 0.49671871025946823 0.24275618506293437 0.03652781015895172
3 0.6146569250909575 0.49513384057453685 0.3811567568484772 0.09434528855940538
2 0.23131070620984415 0.5669592883897694 0.19348989087179325 0.02389883538669526
2 0.2687864728065837 0.5968179139803326 0.2237693867226084 0.032748045730981445
3 0.5527111869138123 0.6133952564537859 0.2535305095477696 0.17871531015895173
2 0.22826729396742657 0.6379711928362731 0.20331517676456468 0.050734153898349635
2 0.21871377259680225 0.6920684157944311 0.20426237012586884 0.06323415389834963
2 0.23625554749191152 0.7382068058129645 0.1753318867226084 0.031056570958724983
2 0.507834549566504 0.7326189716073956 0.19813076929603177 0.06457839908902621
1 0.07661951574832498 0.7780654578972156 0.12244553029369401 0.13517858656782167
2 0.23657393358981996 0.8059845828548065 0.19888778589277134 0.03343752649368774
2 0.5325609398135972 0.8073362294119439 0.23309776514684694 0.07359130054030487
6 0.1314355636876657 0.2089062301297341 0.14183414772027048 0.10312997840045365
1 0.7215035340186716 0.22648055509517434 0.14188076929603177 0.06261410580511528
3 0.4596304960513078 0.25822166153326187 0.32736798340326045 0.04259925008481798