2 0.3341027725889532 0.3543357007081344 0.03367259576733286 0.25952045066836354
2 0.3625627413751862 0.3109584180458161 0.030675399400875138 0.18455681333545443
3 0.3935093366834771 0.4510294347151341 0.17984467578285024 0.6733295066836356
1 0.4683324462457715 0.8991311273869975 0.05889651000193972 0.05219884667409076
3 0.5108881553199289 0.4547367847310425 0.13794421820650485 0.6572317920114541
3 0.5715386128962743 0.47105267540576945 0.037945765461951456 0.19712953866963617
1 0.6029153850261855 0.702448126074133 0.04674719636645772 0.0754727146721816
3 0.605754245168208 0.4503770960773147 0.08717894366069778 0.6472749893379998
2 0.609979746376156 0.33959413741245087 0.04394067394668237 0.19407726400381797
3 0.6532032010775634 0.457953786083678 0.08772107759962147 0.6347931706715452
2 0.6831781303150797 0.32795775075585953 0.11428460910325242 0.32914315467854494
3 0.6981968366834771 0.45457479475649587 0.08823126063015962 0.6410431706715454
2 0.703681433199716 0.48351740742358673 0.024616846975280816 0.14858295066836363
2 0.6966826498599171 0.31172422342454126 0.023596738790112325 0.059593176002545344
2 0.7351218492704905 0.7539389954248594 0.02563747091226496 0.08459317600254543
2 0.6895083943999054 0.16646626742517762 0.02174719636645772 0.07518181333545444
3 0.7378809610795031 0.5104526247612684 0.05465451758798334 0.32532726400381795
2 0.7522303745652039 0.5332543254296319 0.0283159318225902 0.11740567600254526
3 0.7689556178972441 0.49910659209895003 0.03580943849054989 0.1518352200031817
3 0.8042235671386397 0.47219919410404076 0.08207685547940854 0.661264764003818
2 0.8305299441197395 0.7753423754375861 0.023724284547746777 0.061155676002545435
2 0.7996646443999053 0.16774805144013144 0.02719997091226496 0.08461135733609079
6 0.15237286427340013 0.8244283826782267 0.10695111485312828 0.12456474267981754
1 0.1132804763722767 0.2307874706794994 0.11313721303635713 0.16210110534690844
2 0.20039706547164976 0.456587449355499 0.01983375212603189 0.12823408800127273
2 0.18974712364712 0.2878738120225899 0.02315019970043757 0.09236931333545444
2 0.2168360400077587 0.20857721069381693 0.021428203034417413 0.10952045066836354
3 0.24481674516820803 0.44617720802831684 0.1819173588133883 0.679597688017181
2 0.264921306387794 0.6446601613621805 0.026689787881726802 0.0783613573360908