2 0.6707898295564754 0.2703793772350257 0.23734050333398002 0.025426619051959243
2 0.7015135421337906 0.31083076244423574 0.27391573212215264 0.034494084205568855
2 0.40951736077024237 0.32337792478010574 0.2584182778797871 0.03551094718226029
2 0.6996797172884209 0.3939433628070554 0.19591827787978708 0.033328399089026205
2 0.3817109672884209 0.4050470762313846 0.22704073212215264 0.03285717313564333
3 0.7472560900174571 0.4392905791417915 0.37308655575957417 0.06600203375008214
2 0.37329243153272607 0.4554835858500315 0.20854582363742163 0.03532740870767306
2 0.4188437897178946 0.5432092751429255 0.2791134151526908 0.04090777531256151
2 0.7382315185060673 0.5398907798674308 0.33596919303247785 0.06938000489414158
2 0.7153836919937077 0.6151189583605517 0.2694833236374217 0.03745539309857637
1 0.22450347154048472 0.6675173382971021 0.07774158909937308 0.22707342068857256
1 0.27341920366263733 0.6908804272271765 0.08478881455356593 0.21797123920022693
2 0.7253801874517798 0.7087871128070555 0.25931109818322895 0.04644844718226047
2 0.7544297007876993 0.7767186572720925 0.33115414727484344 0.06765381378714892
2 0.4613174295758721 0.7947891333102934 0.27050368969849786 0.04995539309857637
1 0.8145083943999053 0.13060257070427095 0.11556109818322895 0.041428586567821626
6 0.20454346303635712 0.15425344646447017 0.1279652454580721 0.09795140507947586