2 0.6243506415836086 0.5644560665871164 0.04779235965300899 0.2109760413563288
2 0.5903911559246946 0.3043212413180568 0.05275926434108591 0.2641738159634347
3 0.5418106469822794 0.6734543850317506 0.11213186921373293 0.388450377997928
2 0.4551698450073813 0.566883361458102 0.03773743676633483 0.15130994292790553
2 0.4146599706995193 0.3117271346174658 0.0421431369509051 0.22005994292790546
3 0.39128901527316184 0.6399612965281245 0.10051444632705878 0.32871150496239865
3 0.2752239242801754 0.6765238428468522 0.08472876002214935 0.34978598428423435
2 0.2202150516703564 0.6354665033097688 0.05079624614248868 0.2578510413563288
2 0.2290729241232919 0.31491856286306286 0.04975537785160631 0.21729881596343467
2 0.18938986042820138 0.3385765407371563 0.03767688001107468 0.1746746683207995
1 0.17115670188261314 0.13690703287927347 0.09743380937615384 0.11047092721213972
2 0.1178410232927263 0.6285508773787555 0.0434658050572172 0.19208049214211725
2 0.12857227637504529 0.3273886377178377 0.04606917334809957 0.23270549214211717
1 0.07240860734588242 0.6446874536812724 0.06293290561092757 0.39862159057054053
6 0.7798017142211143 0.16853563689377737 0.09943640036914037 0.14172092721213972
1 0.7262369093207807 0.7248412948754946 0.07385660703211538 0.08288958271265763
2 0.702730469619785 0.27727924421354094 0.03236761875230769 0.21337329528527027
3 0.6755336073458824 0.6165964553384115 0.06273504163898203 0.27398546360606985