3 0.6893820758911463 0.5625906923654972 0.09132904844007009 0.7028716298696164
3 0.636694140195695 0.6139935052717105 0.03438283852458355 0.40356137662320535
2 0.5950541136945493 0.7374349594116257 0.04161084422416685 0.2443772913958579
2 0.5876351250937156 0.4186849594116258 0.039032664512639134 0.3349204707790069
2 0.5329645024685419 0.3513514090873142 0.041756314588889155 0.2506272913958578
2 0.541584274788716 0.755244022317839 0.07151654977125013 0.2542704886359143
2 0.4389423987450698 0.3715763599808186 0.02849390159486127 0.2847568295453048
3 0.44187325588701454 0.6652581761334428 0.05647081838861112 0.14467730032431164
2 0.3955275455902784 0.7878365596565071 0.020172255318333575 0.262745461850553
3 0.38550827422003503 0.3573678096565071 0.04332012100965308 0.31781479139585783
2 0.3215009788171878 0.392173457790068 0.023079049771250214 0.2534250089284537
3 0.3208522410693756 0.6662694768647915 0.0720958183886113 0.14495003571381487
1 0.2963334053945835 0.18322515178371357 0.08248780452090294 0.12170345048646736
2 0.28825272093340315 0.4064308267026357 0.030818814588889153 0.25043637662320534
2 0.2681292442035076 0.7832700162320544 0.03361781268902799 0.3035886501621558
2 0.25524019918191004 0.39726433238467856 0.023550522035833587 0.206577282467404
3 0.23500761967847286 0.7694160219140972 0.035289415462569716 0.3083034237011063
2 0.1989590572737853 0.6633608908266649 0.025439023935694572 0.15350682954530476
2 0.18758057370694478 0.4093591834403387 0.04916877108590301 0.23357615909060953
1 0.8682376937666673 0.7648504419584602 0.04273693313000031 0.2256545649348082
6 0.8036919637152085 0.20613791517309893 0.10320034802388882 0.13924550649282175
1 0.8165667442035076 0.7928430284036236 0.06660953780340292 0.1776534415580137
3 0.7503384128971186 0.5980157236150854 0.032457969033542075 0.45506932954530477