3 0.4802207633086918 0.2946171122284844 0.6734321828135252 0.12735574399993724
2 0.4705473329666246 0.35999365849421805 0.12416701186299797 0.06548513527271585
3 0.2666901625103891 0.3933543006154111 0.22965300790866544 0.054786278843801564
3 0.6367798280237087 0.3707624472867745 0.20178267589344295 0.058905093780867016
2 0.4951043225865012 0.4071996226014466 0.09030134783255317 0.07538035352912935
3 0.24722523809982083 0.4314346410722859 0.19527800790866542 0.052181497100215066
3 0.6662471521302658 0.412144463883514 0.25854201186299797 0.07566746390673593
3 0.5617387242596564 0.4730246095291921 0.23354201186299814 0.07377307718412744
3 0.2657577207996153 0.5118083026900035 0.21606535178688588 0.10360228714217126
2 0.4843976328528939 0.5170482192820988 0.07429434585538672 0.06482136182749905
3 0.6704797128909499 0.5185245184476173 0.30803267589344296 0.06695623735195255
2 0.4220594589366172 0.5560407869184567 0.0914818458553869 0.06612375269929238
3 0.27457962247277046 0.5820140589137809 0.20270850593149908 0.04339849295103004
3 0.5890413704956041 0.5675316261259316 0.20647017589344294 0.059260291291356106
3 0.29302853353746583 0.6070965692867432 0.22445617193911022 0.04193108133331247
2 0.43824553304317426 0.5984291964615819 0.0865396778706092 0.05951855518880329
2 0.5094520295831332 0.6093890846340828 0.09891234387822045 0.05734074855010753
3 0.2660694441078696 0.637956405594433 0.20726867193911022 0.04062869046151914
3 0.6492811921307032 0.6182644093194106 0.20841467787060922 0.06875369046151932
3 0.26784284973535744 0.6900041576690255 0.22302100593149898 0.04493768216314944
3 0.5681147637658024 0.6797123174126434 0.2115396778706094 0.06899048880184519
2 0.409920261788636 0.7010456335991087 0.08127385771838505 0.12142655933798814
3 0.2731550908381089 0.7316588614032918 0.20803267589344293 0.05937869046151913
2 0.3499430839180267 0.7585514028951407 0.1300986768820261 0.05814623195336797
2 0.48803333292944356 0.752760576335713 0.1154286818249421 0.08039974025173784
3 0.6653306619789164 0.7595755709371284 0.2518463428896375 0.06425636722608381
1 0.07768874053409774 0.8266907093333437 0.11564885771838498 0.12403134108157446
6 0.16340728950614594 0.19478859128206735 0.1420840237259962 0.12291912697434615
1 0.6651462030422992 0.17156700807465514 0.20311968281352505 0.09171759378086711
3 0.5273623601526618 0.22718023587883823 0.580833505931499 0.07205109213048182