2 0.3451471531217636 0.46465728947951357 0.050327053974613276 0.23032785009228504
2 0.41653048022528577 0.4622319987633823 0.05246870818165768 0.21646560919158375
2 0.44148047578581034 0.7189325817368043 0.04211036238870207 0.20180233189368782
3 0.46741527305203423 0.5448232557032127 0.09438196463794561 0.5489171637873757
2 0.5825807231879203 0.7458629264304186 0.04742057526193673 0.23325259099298634
2 0.5769870150062626 0.5324012037283145 0.043377931446452675 0.17544009099298635
3 0.635569693350622 0.5804870527408653 0.10998482132666432 0.6385804410852713
2 0.6919564511442922 0.5304357904023642 0.04145479852673173 0.19242733189368783
2 0.7107110770266477 0.7875171051771888 0.04708208565349707 0.1616779796419344
2 0.756165688659045 0.7702084916666685 0.038471910159129055 0.1720147023440383
2 0.7738948659949983 0.5232426565337782 0.06914275595208466 0.18797966378737563
1 0.8293571702217133 0.8270080066260632 0.0815334953084232 0.18721820018457008
6 0.19463224497944687 0.8703298912698416 0.10838021857321785 0.1484956616279071
1 0.1929130277436113 0.34523905613695133 0.04161905347041017 0.0835529796419344
2 0.24782403889147614 0.496530248301957 0.033959372780262245 0.12972707279438928
2 0.3172781512801782 0.7000848473145079 0.04715849530842302 0.18501535009228504
2 0.31110528889147615 0.5005854950627546 0.029741766343644914 0.11390181369509059