2 0.2451354852541383 0.6193124382135515 0.04143232863402009 0.13564833992388792
2 0.2735709064196256 0.47017460125541327 0.03733682448483524 0.1432698389353046
2 0.32740630144060373 0.458634923384804 0.03960971950581334 0.15270850593149898
2 0.40349151429843244 0.6673785706093349 0.03901772365499827 0.14489600593149898
2 0.4246364989510928 0.45000006962075173 0.03335971950581325 0.15245383794672146
2 0.44067128296976443 0.7009113122063779 0.045883030293694026 0.13271434091247106
2 0.4667055997809298 0.44984356072350307 0.040415202909073855 0.18389483893530462
2 0.4816990246713947 0.6836628038034209 0.04716211037760658 0.17015067391627667
2 0.5360825618135661 0.4696029623966583 0.04285311867597628 0.1543983399238879
2 0.5825198539301146 0.4529128695070209 0.04027349295103022 0.2025811719391104
3 0.6104234014452482 0.25940295003936864 0.0808267153566284 0.16217634783255325
2 0.6462621226014467 0.48536327216875935 0.03925452199532416 0.14802100593149897
2 0.674482210983729 0.46240593323345464 0.03589272365499827 0.14476867193911042
2 0.7685640977063374 0.43364958045798563 0.046358472205105625 0.24177100593149917
2 0.7591719066201182 0.7323271609903333 0.04266478714217126 0.2135823389353046
2 0.8467590300699793 0.4912127296596829 0.043846933613041726 0.12640067391627668
6 0.078511134624794 0.9064834688596299 0.10009693361304191 0.128692685779275
1 0.1596896956363893 0.26686521193954776 0.07126153859206381 0.11817167984777566