2 0.7342360583372142 0.7520730608350462 0.035761809422495 0.2663253369581383
2 0.6549434981584146 0.26428921794540894 0.018869968321116204 0.06932300296574949
1 0.9699897079295561 0.1797483691614536 0.03965236188449879 0.05458934091247101
1 0.5878274179527991 0.14002670558811925 0.2918704257464693 0.07421472729976805
2 0.6312092473252354 0.7938374550938276 0.02793860174504026 0.19901050296574957
2 0.608149533695696 0.5420521206071474 0.02634325075630457 0.2207581689733608
3 0.55234375 0.58203125 0.8921875 0.7765625
2 0.5535448891239072 0.2624946131927735 0.014947292826748537 0.08006950197716627
2 0.5124753088414172 0.8894935119001792 0.013963947033792935 0.06600700197716627
2 0.4265835513767232 0.2627745030029306 0.011057468321116204 0.0690046679847776
2 0.4376009949794469 0.8770943295809456 0.01872785668871888 0.08957183596955502
2 0.4125142416252522 0.6743049106075848 0.01749313861970414 0.09419566897336082
2 0.3468742720436281 0.236934903193211 0.014870883171822502 0.05669566897336074
1 0.33039733020561535 0.13499040121604464 0.05058986188449897 0.055035009885831744
1 0.978125 0.8015625 0.040625 0.05625
1 0.3053480537225118 0.1666887287826428 0.06083894703379285 0.06791701186299806
2 0.3085105305936029 0.40130380931499054 0.014805181194351036 0.10031833498097206
2 0.2657974147738315 0.7485661284786316 0.02272694183801276 0.10219916996194378
2 0.25467996229215706 0.6452819609881457 0.018979228964778015 0.07088550296574958
2 0.2289815677203682 0.3669022930033681 0.018618596045057157 0.08800933596955511
2 0.21026405473091794 0.4557273710642578 0.017635250252101553 0.07394683596955502
1 0.9241691095387106 0.18177644277371902 0.05135468639013112 0.06597250988583174
1 0.10754714424281271 0.9586865919010542 0.047246340597175515 0.051782675893442945
2 0.930422643486508 0.7725314353593452 0.03114001139996638 0.22251166996194377
1 0.9765625 0.146875 0.04375 0.053125