0 0.3045732494957969 0.13588041398033254 0.08820983020561535 0.12465774881887363
0 0.5142396464902488 0.6928025034585611 0.08242972376899793 0.10886905771188111
0 0.535392652694435 0.43488087605389936 0.09525750569998319 0.11399306733052797
0 0.530361309247268 0.540267780500403 0.07574268119435104 0.10240080290255768
0 0.559436076095116 0.28051083458408704 0.0702575056999832 0.11312004809323425
0 0.5697012227605918 0.16714773903059077 0.06560285668871887 0.0911359206885725
3 0.5441735289057666 0.8554190653467935 0.2915862024816745 0.1130555938242157
0 0.6547171810191241 0.7011457383976186 0.10583437278026224 0.13150794954451311
0 0.6805248362345747 0.4212399835882952 0.10117972376899793 0.10952382213985139
0 0.6713087373395259 0.5641814517371297 0.09191398441265974 0.11075893992586608
0 0.6931883632218814 0.3070137924813026 0.0848663089182919 0.12142362141421197
0 0.7136315392204523 0.1706943465649866 0.07617972376899793 0.10865080290255769
1 0.12111734922402488 0.5303992842134181 0.052425149515467374 0.17016865626060226
1 0.1480030052726547 0.7811879686969888 0.051212574757733706 0.08595734736759475