3 0.3294179802859848 0.4808896054032291 0.1925995094222115 0.7615080302936941
3 0.443464504831792 0.4800985452400484 0.13080114002715532 0.7273213618274991
2 0.45674601270769966 0.5581410348670861 0.07841101092002348 0.2947689709557057
3 0.4820011042229687 0.5569104215896946 0.06632534122540505 0.3559665800839126
3 0.5158496878623302 0.47929490706754746 0.115718273966079 0.7137557692960318
3 0.5593765472554466 0.5046034830022752 0.07385054092584262 0.44815408008391255
3 0.6102374166505028 0.4785863572773289 0.14228077396607902 0.7157685551888033
3 0.6494916221008162 0.5947567315523827 0.05047745849442933 0.2569370842330976
1 0.6783170922641751 0.2801497798927087 0.09180408909937299 0.23056476099766207
3 0.6794342136160854 0.5938813157854801 0.05478232122152562 0.25260478174358647
3 0.7194051225598581 0.4797838496036591 0.11913031638973379 0.6984859668065211
3 0.7652278055903963 0.4769674255383868 0.10637522487446453 0.6944137734452168
1 0.08428004984052045 0.21941469606059655 0.11058604000775867 0.21335395020978148
3 0.1009091825714962 0.12162839149649321 0.01674096091032524 0.03387809253146719
2 0.15167561755888834 0.46270460000464436 0.04744779546777043 0.3529832900419564
2 0.162326848762957 0.6788982850675789 0.0388383278894854 0.2855589917016303
3 0.20185108967910126 0.4932334722051056 0.24374742124092236 0.7793593037389108