6 0.19509706070972527 0.3183010689872532 0.12605451734563583 0.09135222872636942
1 0.7092413767106798 0.32832304712444743 0.09738407733927232 0.044313602262936236
3 0.5097510013924065 0.43809243598271647 0.6307238360120904 0.09272591470908598
2 0.550949260741542 0.5547304901392468 0.17401930267345414 0.05100902985783762
3 0.755837302752996 0.6402917819991368 0.1705135893539083 0.15254425878059868
2 0.31602082475331417 0.6400765959182244 0.1658249946689999 0.01815107806243965
2 0.5613611440960865 0.7110304871141847 0.1691499893379998 0.0353567587805987
2 0.3124060234324954 0.7322368248409856 0.12529090133672707 0.02572722872636941
2 0.5831003314369498 0.7666219569617596 0.15966590133672726 0.025927216626120853
2 0.31217021343885876 0.7791072796614458 0.12073067067154523 0.036637457649130664
2 0.6055298621100859 0.8144054719888743 0.24716590133672706 0.026436276734579423
1 0.20164179344363128 0.813618114166793 0.09040791868236289 0.11614315046753845
2 0.3424940601129493 0.8339674964839585 0.13786362667090887 0.032049951599006476
2 0.5950196234484038 0.8510605894753169 0.21426249466899988 0.018432879193907327
2 0.3577377994509491 0.868428854895215 0.1783249946689999 0.018223800935076185