3 0.49487346806401655 0.3198904979312759 0.5043254014512788 0.04022938940163314
3 0.4840971699707824 0.38249049526577583 0.7089236214142118 0.08478046276254111
2 0.5030802937472469 0.4650484565961396 0.15443452885594056 0.03928177068745349
2 0.20315221561694585 0.4888426819700923 0.1403174651536097 0.03755563868554468
2 0.5569294908446893 0.5331439285885036 0.23822917549789596 0.06837038136536222
2 0.19825389529119303 0.5396602946371832 0.11191964664195542 0.029415874681726704
2 0.22185010799773197 0.6690205306333652 0.17251489546082902 0.10977608402290802
2 0.5267905791417915 0.702956989258458 0.18499504809323425 0.064627216024817
2 0.24625485255543636 0.7975904259627745 0.2033829495445131 0.09920221069381689
2 0.5583357011041576 0.8283200685869128 0.20903274881887376 0.0820874360279987
1 0.3663168374944939 0.9375421692791388 0.28579365626060227 0.043934002705270814
6 0.09853667060375451 0.2643704879853643 0.13188989546082905 0.10930336935072642
1 0.7030877613479274 0.26124056190327716 0.1728224303072194 0.07385676535645355