3 0.4889744539347591 0.286871202580965 0.4457627858927715 0.02914416197861147
3 0.4849605375431566 0.3501479074014252 0.654735966806521 0.066281589377121
3 0.28620188359910875 0.4379847715682182 0.24732528589277142 0.027989686375499902
3 0.2500975176224248 0.5022290787498106 0.1963081601678251 0.07610902380771342
3 0.6390290404429416 0.5429161486208265 0.323959563487173 0.07060443325224205
3 0.4994211661678879 0.5921445098607533 0.10478258838228242 0.022474963699254856
3 0.27257432363642065 0.6075205667477579 0.24429537427505377 0.04983741529826098
3 0.5013495964569374 0.6491393984244348 0.11591026514684692 0.06627041549465282
3 0.2525093547553073 0.6662052203385542 0.1845651767645647 0.044804481653235584
2 0.394329079235498 0.7114535669441497 0.05241645020978147 0.09401362041330899
3 0.25714838794878625 0.7286506781840765 0.21832487012586893 0.05749537919390768
3 0.49780835413060737 0.757705877347196 0.137952131123531 0.13043290944452862
1 0.07550637902571661 0.8070170935805334 0.12005423610255284 0.12095791549465282
3 0.25461353856884184 0.8239359071068376 0.19500576929603194 0.05892152380771343
2 0.38177968981359733 0.8255387928418487 0.04173905933798814 0.07677157825883114
3 0.5652191518462335 0.8471178352909142 0.29588118506293437 0.02983398750696793
1 0.4914022209324839 0.8834689466290367 0.6001901767645647 0.047222517168413705
6 0.14925002572030185 0.23574608157848093 0.1173310551888033 0.08502041549465282
1 0.7065413848485086 0.24968377820751755 0.08863737012586892 0.05674087939029935