2 0.4193549124661322 0.7169741573569105 0.04193108133331247 0.2243105192372937
2 0.470018685911349 0.7653372462869849 0.04933991701630234 0.15755952885594054
3 0.5071346419207006 0.4695138255984125 0.15227474025173784 0.1175198606144388
2 0.5421896838367565 0.7667335659797655 0.048843009547769614 0.1715674651536096
2 0.6018965705593649 0.7897147089935238 0.035182328634020085 0.1352480192372937
2 0.5992862531234996 0.44514625345856107 0.05866829544054113 0.19840278366526398
2 0.6584658792726532 0.7712896020072822 0.07935930373891083 0.1835416754978958
3 0.6409381890116267 0.2815450557281465 0.07661465726804018 0.27071429328391083
2 0.6602130203449391 0.5049007101746502 0.05151772365499809 0.14516865626060227
2 0.7331106817621641 0.7639830442954011 0.03577432448483524 0.1430605192372937
3 0.7312349927505375 0.4601214343139346 0.0962615385920639 0.11868056733052797
2 0.8251555491887406 0.7278694403043844 0.04308991701630234 0.15734127404661713
3 0.7961118637015989 0.3239086266020535 0.08660311867597628 0.1557440577118811
2 0.8173267807179012 0.47983124438806835 0.06915550954776961 0.17227679328391082
2 0.8969955830069196 0.7559101055506613 0.029382614526791428 0.1615377007256395
3 0.8766658919207003 0.45660950999716493 0.06692923610255264 0.1223313569862416
2 0.9331339925500448 0.7366318266947207 0.05206309793005204 0.19349702885594056
5 0.9602204012679774 0.9080157533737431 0.04436715186945541 0.09193452885594056
6 0.22099103529129344 0.8695981934692453 0.10393232863402009 0.13764882213985138
1 0.20490467801396456 0.22313985572029732 0.08437684523075957 0.10579862141421188
3 0.3163912427505374 0.47460809728277675 0.14243721495564313 0.728055567330528