3 0.7295182047831735 0.44959566193657385 0.07117198590206009 0.4038341120127088
2 0.6566377344521677 0.4891996785756653 0.07326023985075239 0.6785068295453047
3 0.5903382282283903 0.5020911907505299 0.03733682448483524 0.14265115016215582
2 0.5661507539486923 0.26548153490633136 0.05357897635429047 0.23343979139585783
2 0.5673402813426012 0.5908906379905865 0.06762001079716953 0.35695911201270897
2 0.538830314736573 0.245619048299012 0.045648077184127625 0.2317409237011061
2 0.5158495589370029 0.6340327118538484 0.057251195860103896 0.3848659237011061
2 0.48814415311885523 0.2684077118538483 0.05402926224706199 0.25997501785690746
3 0.46899510187874416 0.4596190929412806 0.0520882539486923 0.2755454707790069
2 0.4239399431608115 0.28830320048976266 0.052253274694616714 0.23653751785690744
2 0.43735678341719364 0.5892480917234646 0.06117983403260485 0.31315456493480803
2 0.3695717518740998 0.2728242508140742 0.06430298880184519 0.21022047970746058
2 0.38980635457803653 0.5501816375835494 0.0436119805034755 0.2254636501621558
3 0.39443834545447415 0.7558413023562018 0.0469719336130419 0.12565456493480803
2 0.35663865706754744 0.5460668819015064 0.04671366971559472 0.2458034237011061
5 0.2920243244848352 0.1372782629889388 0.16079763527271584 0.124520533278183
3 0.3139174381864341 0.4881413336057898 0.05583040581814762 0.3661159237011061
2 0.2754199327878493 0.31045271022899523 0.045648077184127625 0.2317409237011061
2 0.29718206930996505 0.6182924837679457 0.04844303569227879 0.30981137662320535
3 0.24668239399529285 0.47836295901117926 0.05000738092303827 0.412827282467404
2 0.1978985840326048 0.3094590004070371 0.0646115647365729 0.2554784326295598
2 0.21636885457803653 0.5532090004070371 0.04256969875988892 0.1911159237011061
3 0.22049228259200104 0.783128325488115 0.04979020290907386 0.18343979139585792
1 0.842398558312303 0.5352410612879508 0.0639999485593961 0.4739284237011061
1 0.7847608892214081 0.3837018806869858 0.05203978714217126 0.21312729139585782
1 0.8037532232540128 0.6962837013038368 0.05383724025173784 0.11329093262955983
6 0.7593894232400797 0.13146722484278714 0.10814623195336796 0.1298432329538714