3 0.25070167037546237 0.7537270500945364 0.04320296882531949 0.21808561866166656
3 0.28002744552118364 0.4017934032048142 0.053856245560524485 0.25939412384546295
3 0.3290605252225959 0.43123618689949 0.08128212303236389 0.20744064458064812
3 0.34772413584658707 0.7488529138552307 0.05930857006615664 0.2707417269557407
2 0.4301416960253867 0.26715314599476764 0.0655700056999832 0.11599543836009243
3 0.40368455874306497 0.7466745506601843 0.04971504877883319 0.26679652073518517
3 0.4397466529465367 0.422055259472638 0.09215392105489251 0.25187414976444433
2 0.49639512671553465 0.32011134213055453 0.0733825056999832 0.11667894354388882
3 0.4661081490881389 0.7757167931673138 0.05476318169855414 0.2501558248822221
2 0.49311803536205445 0.5917908524981471 0.11869500569998319 0.12064327360990727
3 0.5126771464902488 0.7617123732333322 0.04752983590559836 0.23554652073518517
3 0.5464119161880884 0.4478938810090267 0.061985819814055175 0.1979877321395369
2 0.5896588076577841 0.301545852780971 0.14344363342392405 0.14144378916129607
3 0.6000121635901984 0.43450461574046173 0.05882796882531949 0.21945262902925933
5 0.5783624946289929 0.8452760204058783 0.11914275595208465 0.1936706704996297
3 0.6488102965099193 0.45606654891675796 0.07067240496334896 0.2111712373233333
3 0.6738331677775723 0.7726675800195355 0.05167103268728983 0.22814412384546295
3 0.7174181848775218 0.441632193497406 0.07641966041123069 0.24894463939685174
2 0.717861309247268 0.6263879023098596 0.09816398441265975 0.11574116013203692
2 0.7503556430591796 0.22914175542013746 0.17073810694082053 0.17644350574944417
3 0.7471067768120797 0.7814362787472207 0.050545575261936725 0.23425742280870362
3 0.7948776412944687 0.750244358813239 0.04644793714643569 0.2866989176249074
3 0.8298471290613232 0.44125006762569274 0.0661705752619369 0.23562443317629622
1 0.8727062544394755 0.3341695909527761 0.07023536238870207 0.2049212373233332
1 0.85234375 0.8890625 0.1078125 0.21875
6 0.15349389858393578 0.8961401425543978 0.10674130891829185 0.1273621653158333
1 0.1819291630859953 0.5457006451462959 0.07687884629715871 0.16667894354388862
1 0.22455833154299767 0.2845382612160644 0.07622328243518828 0.15730394354388882