3 0.31090067689309714 0.46300663556662897 0.09982809923384775 0.6972941070321154
3 0.39471808425666 0.330836880786267 0.040876367247043355 0.22564035009228506
2 0.42111676286561667 0.48490381709117647 0.10061977711788864 0.08130816162790726
3 0.44463213387358386 0.6743773272702093 0.10407504922121244 0.20005816162790727
3 0.4629452470304992 0.30846243060169687 0.04302990063313814 0.2460529796419344
3 0.5318747549480578 0.3909256747416007 0.08318823620994635 0.1254191070321154
3 0.5940865645941116 0.6460148905038745 0.14932536473976085 0.2544242890180882
2 0.5917702436652869 0.4857084461794005 0.10007420783841639 0.06255816162790725
2 0.6232870166265404 0.4390744756367647 0.085647994985435 0.04915699568106326
3 0.6224960917785074 0.25049283698781677 0.1167689290046681 0.3147214389258032
3 0.7537199773679508 0.617782861664819 0.08879704169936513 0.26458173658176454
2 0.7571762833195879 0.4406696491417478 0.16540970282385176 0.11041347316352948
3 0.7672857545523465 0.22321203887042995 0.08459292649738578 0.33449371838316744
3 0.8275783968722145 0.22404455120893108 0.03510975204506437 0.29545220234403846
1 0.18499609177850734 0.27852911088962673 0.06088733887551347 0.16297966378737555
6 0.21112461506896532 0.8537095835917308 0.08561455423577743 0.15520673658176456