2 0.9321735900837058 0.6526877674649485 0.031128173635170953 0.05188976400381797
2 0.9202966744116299 0.776070723464312 0.028276189420186525 0.05654090133672725
3 0.5977593346808598 0.5018219647517232 0.21185567292929938 0.7956772213558171
2 0.5099463344690982 0.27799301873804216 0.18115753669052861 0.1613749466899989
3 0.47128013466674235 0.48549643606776965 0.10213206243419055 0.7616102093411815
2 0.460844621653737 0.6378220047342241 0.14009292093374803 0.12654541335136288
2 0.44755712442574735 0.7854237107335879 0.14972552616718496 0.15788632001908987
3 0.32527738992841415 0.4822339813812705 0.2822745887425498 0.7715135626989076
2 0.2854545686840827 0.2800714973742709 0.17436150512049747 0.1519272213558171
2 0.24537008205002384 0.4985033240372255 0.13998650512049754 0.15152723201781731
3 0.15500268728346084 0.46618062535804433 0.1563645361258313 0.754434056015272
3 0.8323163452042035 0.50142416478354 0.29550263083592443 0.7841590133672712
2 0.9678498397307701 0.2817576494668575 0.03150760523343692 0.03159544533736343