3 0.45924140820309134 0.36324775183616775 0.6705392841302797 0.1387094927523121
2 0.4386944187970222 0.4330022713810052 0.08416216837349921 0.056632379396995704
3 0.6049718661803036 0.4622746674479005 0.2246961631118273 0.06654899758410408
2 0.16251905567107744 0.44421174091614424 0.0965249314570916 0.13539510818516848
3 0.29134200568519486 0.46964178879981067 0.19036593671876342 0.14461035364324068
3 0.4627850952042035 0.5315193907760614 0.118763952503779 0.14343074879205203
2 0.17750774786327428 0.5372760857653932 0.06207433674699834 0.10459164727484324
3 0.30321340315318096 0.5757960650126078 0.18772678413027988 0.09929785364324069
3 0.5970775242422206 0.6382472360843522 0.2903211631118273 0.07190591940475458
2 0.16164825845720512 0.6074132425831342 0.09626732622365468 0.10427265394280312
3 0.29553814006958856 0.6536659734973387 0.18288809471009326 0.04292030788560623
2 0.4265228295603623 0.682412340017457 0.07515118942018653 0.06211710485118864
3 0.611269555882839 0.7045577622971495 0.28783319994353035 0.08258832788948531
2 0.4254160848926213 0.755323681532726 0.08774219468185844 0.06469997091226495
2 0.16103506647676982 0.7392371984924896 0.0957968893637168 0.12289510818516831
3 0.29435580069175427 0.7548298607702424 0.1869833314853265 0.11323280788560605
3 0.5913750138600513 0.7900648275996213 0.3103606473268119 0.0688765142540035
3 0.4458959138882862 0.8080181178972442 0.11432010523343691 0.04043329454968649
1 0.026535688528291617 0.8200731260630161 0.053071377056583234 0.07748701333591938
6 0.1357268554451985 0.20339555121764633 0.12697129465362353 0.09744856909549374
1 0.648689587029347 0.2507630826005912 0.22682010523343693 0.049616589099373075
1 0.6678722265342382 0.2852974503286574 0.15015118942018651 0.06823930121764636
3 0.47308337130080125 0.3007955492607923 0.4043990736634058 0.05478180546971014