3 0.5528490681193854 0.2829431940199322 0.7674296946818584 0.10677584977851798
3 0.5512480417404391 0.3496998974437048 0.7650173262236546 0.1455379611295701
3 0.5530373258707187 0.4342751565430034 0.7632728157003109 0.14231283157992075
3 0.5508447652909053 0.49087560996677604 0.7538222209902177 0.11368718383167416
3 0.27496917889684286 0.03570245836101812 0.1917170631400622 0.030965805057217178
3 0.5506396389401939 0.5277445542912501 0.7466621683734992 0.09766166563307692
3 0.5320030310053337 0.571283803211516 0.1858310841867496 0.03681528685861988
3 0.7685749657285459 0.01612234114986994 0.19658657366340596 0.03224468229973988
5 0.3643219783180281 0.6408417388981166 0.07415013154179614 0.043668459283868796
5 0.17042703612583127 0.745014506478405 0.06890118942018657 0.060455441085271386
3 0.3296790657003109 0.07297311844776586 0.3108310841867496 0.0448256508305656
3 0.7388188472703421 0.05616424121446839 0.14649556840173403 0.02962454811738686
3 0.7057025103821694 0.10690472085640276 0.4525481473268119 0.07258731029900449
3 0.429435412970653 0.17009034546880658 0.18012711575678075 0.0457897686600226
3 0.5501721181758551 0.22351812924510753 0.7596171946818583 0.10627520203027138