2 0.7259251599736173 0.3935929531551037 0.02112106496827515 0.24789536606107632
2 0.7329638775742977 0.5951554531551037 0.015228185116542826 0.07914536606107632
3 0.7289360872856119 0.5022504760339209 0.06819453864422335 0.7035712812137669
3 0.6837054328391081 0.5082930530053225 0.055803666048885245 0.7056759151526906
2 0.6761062092479779 0.38042314452059156 0.018611134661055927 0.17602036606107632
2 0.6391791281224519 0.3998904927038204 0.023973246456620956 0.2403379575763454
3 0.6385020602437699 0.5151168799767241 0.06227192085820867 0.7124360981832287
2 0.5959375596107976 0.3955855010387701 0.02251987386128267 0.24333541181871077
3 0.5938889646902735 0.5164081840693082 0.062108229751216014 0.707748598183229
5 0.5697817650609425 0.09529845861511546 0.10721727767481415 0.1256055200038793
2 0.5496900421876024 0.4173806237678062 0.02500995680090732 0.2700254575763454
3 0.5500298372856118 0.5168544652830753 0.06161715643023839 0.6936860981832288
2 0.44813746587139985 0.44839112089286826 0.05784230416850207 0.317888872729036
1 0.39489089246560416 0.11270858347018345 0.17651291469812272 0.1468425333397989
3 0.3938344009879427 0.5311715410465288 0.19533739200226793 0.6859050333397988
1 0.27903027948891274 0.1378357424139563 0.07284227767481415 0.12279951333591957
2 0.27368559209493526 0.5456800643843881 0.09566477421625308 0.6871171048511886
3 0.8593676317506489 0.46809913239262 0.03711314191745032 0.34891573212215266
2 0.8442609869227921 0.48421833996896535 0.03355163229880311 0.33616064060688355
3 0.789419719499597 0.5067149643649914 0.08447430307219364 0.7235967387901123