3 0.46301134347212314 0.3039734078902152 0.7782839809142047 0.1895844760379119
2 0.26109828604555896 0.3794589989915938 0.12691292848861027 0.1083038089182919
2 0.6022654199844826 0.36803091802967386 0.08501247091226496 0.08983803218308672
3 0.45210643907027814 0.5136926153155683 0.7739149584944294 0.3073511302449562
2 0.6604134045225313 0.5597160374557415 0.07340529121570664 0.09990144703379293
2 0.7695014910368304 0.5746147817557583 0.09534419303247788 0.06414961733238052
3 0.4401012913363928 0.6893099743500757 0.7246171048511887 0.12213489608439812
2 0.2381083566388648 0.7181937170606086 0.10401756242753395 0.09427415990702759
2 0.5671103304260676 0.7130538409261516 0.09374974212409234 0.08268109604505725
2 0.6568903075472503 0.7075526039156019 0.08686201333591956 0.07443155347041017
2 0.7503852160319813 0.7041219652958978 0.0938772878817268 0.08424359604505724
3 0.43573304254434087 0.7999196924190904 0.7276462521260318 0.1782756354407365
2 0.3621679967867063 0.8066174426711921 0.10337983363936125 0.08646165990702741
3 0.4834029471153637 0.12262911682817754 0.7831307197043168 0.24525823365635507