2 0.27477929053226857 0.5856243109883733 0.009015435070022625 0.05984859668065212
2 0.28498689040843406 0.6338958676270692 0.012140435070022626 0.060085395020978184
2 0.32040215963885643 0.5588124346387271 0.02042812406898662 0.1043089917016303
5 0.34094998428874346 0.8530826528951406 0.20502144789030421 0.12296759378086719
3 0.3637027034763846 0.48157450579957006 0.5686475318413069 0.7094793145360804
2 0.3891392353222008 0.754454976130576 0.015410984284234352 0.06344719336130425
1 0.030759732631604454 0.2755910732354353 0.05211477171162173 0.11605197510489074
2 0.4394625287454442 0.5264357972914189 0.030094222497410072 0.11126938672260848
2 0.4331439464470713 0.7456710493660113 0.013266287427387446 0.05082879419114121
2 0.4686064890417452 0.21827975517487014 0.020719222497410074 0.11055899170163022
2 0.4889680690683158 0.5834069250909575 0.016720927212139712 0.09157219336130425
2 0.5181910345364125 0.7415620445921265 0.015920406533975397 0.07438469336130424
2 0.5353444170824545 0.42341569583688193 0.015556533498445902 0.06657219336130424
2 0.5298434720876344 0.6418104983263928 0.0124315334984459 0.06633539502097818
2 0.5509823413991102 0.22137959915622987 0.017410131926869354 0.07294059253146719
2 0.5396979691921503 0.5305178008159037 0.018535984284234176 0.0636839917016303
2 0.5458130744449994 0.6499423070396811 0.01621150496239885 0.08063469336130424
3 0.6641564677444083 0.4658139155431879 0.04645989288512418 0.3289304834032606
3 0.7261298130724597 0.7398182553753628 0.037071968568468706 0.1273679834032606
3 0.06711891770162703 0.21367049107693034 0.016934942927905428 0.029308991701630305
1 0.9282961662538849 0.09314139707234864 0.048985463606069854 0.04886447510489071
1 0.11155381431080488 0.2959376168018766 0.0640325748547749 0.10449916846619489
2 0.11794493962264574 0.6434395788345127 0.018535984284234263 0.0636839917016303
2 0.13429564743774736 0.37595608090910515 0.020535131926869444 0.07317739087179334
2 0.21861929756158185 0.3205213744755464 0.0182448858558109 0.057433991701630216
2 0.2393919081911143 0.5096780402424489 0.01926373035529281 0.0793089917016303
2 0.24276300310488114 0.6378738952214708 0.02009848428423435 0.06380239087179333