2 0.5957489102673175 0.6968533436754217 0.03187502649368792 0.1980393937136938
2 0.588477135124392 0.3243619135677978 0.06320441596406709 0.38045378742738745
2 0.5051338339511149 0.6784544081911144 0.06098217313564334 0.22747433664159916
2 0.44755694692780634 0.696735681350478 0.03394844718226046 0.2574143937136938
2 0.38363586770119684 0.3159630244022181 0.03920143157316369 0.31849744292790544
2 0.3518451428441223 0.6902738196874884 0.06476193756361352 0.2463698858558107
2 0.2015128484639032 0.3494048788264975 0.03355163229880311 0.33539384449948206
1 0.1367236952833438 0.10516903536047284 0.09088294954451306 0.10095037799792798
2 0.10277023658352005 0.7424335949137667 0.04019844718226038 0.25770549214211724
1 0.0983307955613455 0.42284884098482534 0.0763740493591786 0.3108690334984459
6 0.8315525564459367 0.13130531059126044 0.08583335099579195 0.1350342795695046
1 0.7741516740623157 0.7922813519475893 0.054603198363386694 0.17881851282028158
2 0.7363045107149552 0.35725568858918844 0.04358139672677339 0.3545804921421172
2 0.6962399835882952 0.6781332688206467 0.10656749164729754 0.23739730024766903