3 0.3532216590794225 0.4808896054032291 0.15311823528550966 0.7615080302936941
3 0.46677569371915856 0.4800985452400484 0.09287941725967866 0.7273213618274991
2 0.4840792024946472 0.5581410348670861 0.06314382383181857 0.2947689709557057
3 0.5091701307078925 0.5569104215896946 0.04777488809672601 0.3559665800839126
3 0.5388325501456492 0.47929490706754746 0.07845320440669709 0.7137557692960318
3 0.5835085526529318 0.5046034830022752 0.05045727038746417 0.44815408008391255
3 0.6328098706787626 0.4785863572773289 0.1050157044066971 0.7157685551888033
3 0.6779739550019297 0.5947567315523827 0.03709814937949716 0.2569370842330976
1 0.6902599724863998 0.2801497798927087 0.07998433135366625 0.23056476099766207
3 0.7077523832151751 0.5938813157854801 0.041649257059629005 0.25260478174358647
3 0.7416082091585647 0.4797838496036591 0.08268606334047028 0.6984859668065211
3 0.7871025655850554 0.4769674255383868 0.07009513512722503 0.6944137734452168
1 0.0954021135526267 0.21941469606059655 0.09975126207419391 0.21335395020978148
3 0.10686010226985562 0.12162839149649321 0.015017246239076298 0.03387809253146719
2 0.17523305139929052 0.46270460000464436 0.02897942399010329 0.3529832900419564
2 0.1971294687919832 0.6788982850675789 0.02389946740532798 0.2855589917016303
3 0.22680391158670493 0.4932334722051056 0.20352741224511375 0.7793593037389108