1 0.6966149879058225 0.7554021675784245 0.05895792401336308 0.1034954383600926
2 0.67780354260823 0.490207103063795 0.0920067813494537 0.12667866013203694
3 0.6356807719605473 0.3465357240345358 0.07071358402290802 0.17476484561740727
2 0.6104791352641851 0.5633035590015266 0.12569089067472702 0.07031108294074037
3 0.5950797599061406 0.744172850189073 0.09694991470399827 0.2832020622055552
3 0.566385879296638 0.32014002789874885 0.03781017735518084 0.16408162384546293
3 0.5209990119350939 0.5241932493878694 0.041827157383815816 0.3751558248822221
3 0.473807480625411 0.3456684167299528 0.07109539202736244 0.20757734561740726
2 0.44934164059518517 0.5664108522153232 0.0981658746817267 0.11941296427907382
3 0.4277013559039135 0.7459520892558325 0.07972605203690737 0.2785733508012035
2 0.3399308252705483 0.4927109291237956 0.130669292011454 0.09572118605101831
3 0.3339728212921837 0.33265242393999933 0.08672039202736234 0.20894435598499986
3 0.2949433999045499 0.7296450011312958 0.04062718936981646 0.2720308248822221
3 0.22853714990454987 0.7238352070690273 0.04764080537872513 0.3382026290292591
3 0.23235577729154738 0.3284543565506477 0.030343122692544265 0.19308561866166665
3 0.1800665712921837 0.3191873718192126 0.04295221069381698 0.2035542269557406
3 0.162158171904868 0.715681663006759 0.052364668045816076 0.3417377321395369
1 0.09852731198281897 0.1353113663525924 0.07282042934436314 0.0875382476909258
1 0.07062410522759577 0.7858780028747221 0.03873633068109026 0.10953082488222207
6 0.7190938033100011 0.23496252846439675 0.09505905601527206 0.12070206220555538