2 0.6823983600662846 0.31878060863260604 0.03390875244707061 0.16677100593149907
2 0.6823091131463274 0.6074756941078696 0.05295141832631991 0.2205963428896373
2 0.5919816911918107 0.30603521091378355 0.03311014427970278 0.1885823389353046
2 0.586969331295162 0.6105781308757274 0.07660717313564333 0.22780134783255335
2 0.5147644267638404 0.29040489372730877 0.036815497637747184 0.16064833992388783
2 0.47840283002921763 0.36934031863216854 0.023878988019100333 0.14763900395433271
2 0.4833805398253498 0.6014989026245573 0.041686536112334596 0.21077567391627666
2 0.3987897742162531 0.6659699209133461 0.05104666714519342 0.3000928419010542
3 0.3688170097034648 0.3229520913695816 0.09403277531256152 0.28000051779449714
2 0.2890849028020412 0.5937686101526619 0.03605160580511528 0.1387733399238879
1 0.1542014050794759 0.11420046836533841 0.08000001324684392 0.10155718281352519
6 0.8286483335725967 0.11566624300555568 0.08427085099579194 0.134497016805914
1 0.8442287597882828 0.6290429934998473 0.07471729092165802 0.2183626808363588
3 0.7797619441870355 0.26161275437426224 0.03356650126594438 0.24633117193911022
2 0.7852431401881695 0.5978049223590397 0.04657244355406327 0.17196784190105419
2 0.7450992898253498 0.5908346807619967 0.03341767912609299 0.15270850593149915