2 0.6309625626820615 0.5431115913410383 0.11550063103709682 0.10377950585373234
2 0.6261149044605689 0.253345109393215 0.18126202335696498 0.10884880093507646
3 0.5790721390876697 0.742598506933887 0.06868311850068469 0.2128636143631848
2 0.5285506165221276 0.5460507598607532 0.10014841567683312 0.11306360226293624
3 0.5032908890876697 0.7430393893492484 0.08677990063313831 0.2442136083130606
2 0.40205631268206166 0.5444433289462023 0.09040970282385156 0.10050906010845857
2 0.30366427678868424 0.5434535215682181 0.10947795157021041 0.11155564441741408
2 0.24493310062050297 0.2532194070086417 0.14215405925034236 0.107059041958086
1 0.1290794654267709 0.47651198214421503 0.05936090894640848 0.483076120413309
6 0.8187630572052782 0.18270483558550166 0.07983591567683312 0.1129454275949013
1 0.7830382250601893 0.7125105102535366 0.06677362602253219 0.1472386143631848
2 0.7369541499082224 0.5245292421031641 0.096750631037097 0.10367042154477701
3 0.7184217955933028 0.7050752601553409 0.08283654671392995 0.2160704275949012