3 0.30806977538190683 0.34719985989664853 0.025929437380634114 0.349201391832632
3 0.3344430134070421 0.5315103725105204 0.03292487205599741 0.41348214664195543
2 0.370143061386043 0.3755133436545798 0.031833992043270774 0.31973214664195543
2 0.3763321634309046 0.7059002481010834 0.020205601368543834 0.2599752007256395
3 0.44349239143058644 0.7012102589008566 0.03873742536599849 0.2418799651536098
3 0.4933442040499522 0.3508903111704421 0.11660898138127056 0.3570535865678216
2 0.5581066853914518 0.40880944937487707 0.03128855203690737 0.27285714664195543
3 0.6051464120782691 0.5556646020072822 0.028127189369816463 0.2696230192372937
1 0.6252065627784493 0.8019394012816428 0.08829997867599956 0.07180556733052797
2 0.6384481660566338 0.395061918704838 0.0275999306969986 0.2243105192372937
5 0.6603451787873581 0.866363999830364 0.10768632535008997 0.1271478317584979
2 0.6824458034293138 0.6834870124442357 0.02467492536599849 0.24138889183263182
2 0.6959243113860432 0.3641368117185963 0.025093096037543818 0.27732639183263197
3 0.7311271094048148 0.5012449421184828 0.03327031739336093 0.4431696466419554
2 0.7700430640515431 0.3529512858578806 0.05214649204327078 0.32044147477225654
6 0.15070654945094913 0.861495516790223 0.09500451201463571 0.1110863221398514
3 0.20910665873645135 0.5069692186969887 0.03150672803945272 0.2916071466419554
1 0.2134470713717255 0.2754736820364999 0.09972837468172661 0.11437501324684396
2 0.2455003341024498 0.7464210990968754 0.020878310709725234 0.3177877007256395