3 0.7334963500193966 0.47535517171020675 0.12512522487446454 0.6946292315135614
2 0.6404643428923948 0.326135692686307 0.04853232122152562 0.25163809471009324
2 0.5783471091032524 0.29600014262983726 0.07190591940475458 0.2903211631118273
2 0.5916273275996213 0.6029326820923762 0.05376195516044931 0.23950211575678076
2 0.561381460330597 0.7035998110033365 0.034056006667959694 0.03619510523343692
2 0.5211884422835718 0.2592960741575161 0.06734622303829667 0.21541216837349922
2 0.4585129701633589 0.2896352925168978 0.07385131455356593 0.21890118942018652
2 0.4874817036626373 0.6733655504094056 0.05025483363936125 0.0822356473268119
3 0.4655752685060673 0.5396275872411085 0.05127494182452992 0.17093412628012422
3 0.41603739623607316 0.6155145240304591 0.07828320728648137 0.3684461631118273
3 0.3634875125870135 0.27947060821720876 0.048277229706256544 0.24851309471009325
2 0.375157433658758 0.5762924003105836 0.05165732122152562 0.2518201052334369
2 0.31323229213379056 0.31772103711405164 0.048468935156570046 0.1365591262801244
1 0.25701475879399166 0.14830317917919156 0.12601985030926074 0.17217737884037315
2 0.2559139997101359 0.3367587344267459 0.043175399400875135 0.18601309471009325
2 0.25765106926467163 0.5792115449359722 0.062371680614642155 0.2306731473268119
6 0.8367022587939916 0.11454022709893555 0.10280574879205204 0.11639781570031094
1 0.8420271007683027 0.23746949288395108 0.08523561151914834 0.11070925782192056
1 0.8139004245749021 0.7391299743975125 0.08160017061270253 0.1804757262518894