3 0.3142299633990879 0.5023485391801902 0.07678614942708659 0.6946292315135615
2 0.3964895747533142 0.6609415601562905 0.03103401336727112 0.25163809471009346
2 0.45625547342454126 0.6979935100998207 0.051782865372361896 0.2903211631118275
2 0.4644106820496341 0.39242604956235955 0.037138562698907585 0.23950211575678065
2 0.5015465080362711 0.2962181784733199 0.031649989337999784 0.03619510523343692
2 0.51062534742995 0.7409769416274994 0.05247266136218052 0.21541216837349922
2 0.5751600147596776 0.7181911599868812 0.058759024029271426 0.21890118942018652
2 0.5730402473742708 0.334733917879389 0.04467724801081765 0.08223564732681173
3 0.5855413420591791 0.46974595471109193 0.03946358402290802 0.17093412628012442
3 0.6401646600493158 0.40032039150044263 0.052691932049634 0.3684461631118273
3 0.669091828095132 0.7392764756871921 0.0309976507001803 0.24851309471009345
2 0.6781464653882703 0.44391076778056693 0.03415901336727103 0.2518201052334369
2 0.7218077480903595 0.707214404584035 0.03906359468490841 0.13655912628012423
1 0.7659951947803585 0.881546546649175 0.11442722135581711 0.17217737884037304
2 0.780219684754905 0.6950021018967294 0.030270397358362545 0.18601309471009325
2 0.7953794187221338 0.45464241240595565 0.04640447469763505 0.2306731473268117
6 0.1863076947803584 0.8477835945689189 0.09504087468172662 0.11639781570031076
1 0.18956796009704097 0.7254003603539345 0.07779883068109025 0.11070925782192056
1 0.2525272053628168 0.23174834186749585 0.06922380935708983 0.1789132262518895