3 0.3537970769836349 0.5397629701633588 0.06375945975755108 0.2676337812137669
3 0.4035280803076272 0.7247277725889532 0.04683206888575775 0.24917082363742155
2 0.40104874005124513 0.4256046174382021 0.07327432448483506 0.1472893303053814
3 0.39678544730999643 0.3181109818322885 0.10774810332863671 0.3768173336393613
3 0.49264977989270875 0.7327791307741217 0.042641476354290477 0.23485323212215264
3 0.4758567180559208 0.28574463410810164 0.08760062407456104 0.3363518303053814
3 0.5534087585220844 0.684166029715955 0.0518999224148871 0.3365432778797871
3 0.5365583423309745 0.33883755426176215 0.06399625809787715 0.270758781213767
2 0.5788768195104577 0.3849949482026255 0.03343149710021507 0.19528054909161446
3 0.6073150085220844 0.6885663583543463 0.0679034307132568 0.32232128121376713
3 0.5848765205454317 0.28998533714251906 0.09001522905358286 0.3272319218206505
5 0.6766606948344187 0.9069654141139207 0.12604412697434614 0.14693838606495574
3 0.6325570039486922 0.32493416411392056 0.053272245650322424 0.2931759151526907
2 0.6618911516689627 0.42515730472080404 0.043326715356628395 0.16192591515269078
3 0.7243006763635794 0.6647298588133883 0.062340514946354376 0.3513710524255943
3 0.7268747663962468 0.3093407282084445 0.06378461577619135 0.34993609818322885
3 0.765761512871762 0.41267289336113516 0.04024833693238996 0.12130091515269079
2 0.8010542757435237 0.7657181450281252 0.039444698759889006 0.19266573212215263
3 0.8130653332074121 0.5656064457867295 0.05270540581814771 0.36766573212215264
2 0.8706097591467843 0.8024526126064101 0.04657195975755109 0.2662307778797871
2 0.8408673340326048 0.37920643124286196 0.05933206888575775 0.25019118969849785
6 0.251909148568685 0.8653054909161442 0.11595873195336796 0.13679811151914834
1 0.21740560062934433 0.2972569925831342 0.07381969875988892 0.19547173879011231
3 0.28610805643820314 0.291995278797871 0.07822562407456105 0.3355865557595742