2 0.3611878825925033 0.8338768522048607 0.07723711179556511 0.06580814437666689
2 0.42009168975623024 0.5553875230826733 0.05363592068857255 0.06057513050895835
2 0.43994540980398134 0.18803636892236075 0.07060516587924912 0.0547251740119445
3 0.4660565312181933 0.1109283550546524 0.6121924651536096 0.05015722815159771
2 0.4757588803150686 0.34722887775607597 0.06144842068857255 0.06075696846486114
2 0.47212538259250325 0.8312947532310412 0.08063493030721922 0.07369337955902786
3 0.5184622462869849 0.3985361514074301 0.7609921299365505 0.5110609734019451
3 0.5139433495602115 0.7514793134515274 0.7624156983633867 0.19416441413138957
3 0.5157191259690813 0.8794588430868051 0.7349404843909033 0.07799390026368122
2 0.5684473442027339 0.5542763519205204 0.06780754809323426 0.06402743882958326
2 0.5805332042690184 0.20818260192052035 0.0935168762235353 0.08492182028847228
2 0.5626412551878415 0.8323104329425689 0.07772818511654264 0.07987064437666688
2 0.6028124205189365 0.5761143311189578 0.0681349303072194 0.07340243882958326
2 0.6231050731513417 0.62091768484243 0.06700893992586625 0.08586607123840295
2 0.7038987823993196 0.18501524601284663 0.03299603847458741 0.05072735182361114
2 0.7027305418483304 0.8220242835319092 0.07734623920022674 0.0689331443766669
2 0.7145212468351391 0.5961521145539578 0.04022818511654265 0.07899782218833344
2 0.7867261513664608 0.272077528497916 0.052237111795565026 0.06522626291777786
2 0.8118204098039813 0.1793808822213882 0.04905754809323426 0.06359102773541672
3 0.8318997860275166 0.09616833871840207 0.11935020072563951 0.019951436929722323
2 0.8526512517292805 0.2619563396683326 0.024384930307219575 0.07238414627652778
2 0.24232875518784155 0.8397657891345831 0.1044543762235354 0.08517639342673604
2 0.2514483279606651 0.6233231715434024 0.09905754809323426 0.06475479065319441
2 0.25810012124457593 0.5669640687698608 0.07060516587924912 0.054725174011944586
2 0.3563094427514551 0.5935609767298955 0.06479167549789597 0.0670797036472223
2 0.37134419882672287 0.3418530063651733 0.1009474303072194 0.07416615824437507