3 0.6918973895551973 0.5140952454248595 0.05194451215053562 0.5035249893379998
3 0.6290972891923776 0.5047742420830417 0.10122529345354678 0.7071408853437268
2 0.5470486810250096 0.525685631405133 0.042847242828423934 0.1535613520050907
2 0.5162872320286507 0.22623052406904226 0.04079366950744614 0.13948067067154524
2 0.4802629743089204 0.5811356527291335 0.07386411905195925 0.23670111600890867
2 0.46539685462398894 0.22251463072881533 0.03199902286549072 0.11126476400381798
2 0.3366915012659444 0.24913058004454341 0.1137053798517325 0.1700045120146357
2 0.3098859869227921 0.5549442280394528 0.06888395317271012 0.18353975334181777
2 0.20879467975906518 0.2765368700270442 0.10385915389834954 0.20112724267981755
2 0.1853597020764018 0.5894181306890445 0.08688990870767296 0.20717724801081766
1 0.07175352594553366 0.3998914593411814 0.05055559382421575 0.2848477146721815
6 0.738139895460829 0.11635772676635905 0.11228672359113005 0.1293795120146357
1 0.7553497982628702 0.7209997734324954 0.07782244355406327 0.17114884134309066