3 0.33309461951513264 0.40570214923887826 0.13850025101605273 0.6792020217488298
2 0.39456106399720864 0.4331533285923624 0.06890480325461645 0.779271005931499
2 0.4194083350281078 0.565135499048598 0.06855300542706697 0.14779551285158127
2 0.4166496687014785 0.21499091901054176 0.06198210085908258 0.11166701186299814
3 0.5091624745580867 0.4183334363107473 0.19548723541222052 0.695556533611828
1 0.06526423111680743 0.1445431788591925 0.04124023292582972 0.19189833992388783
3 0.6369123383074682 0.44614671300249303 0.058640174128545476 0.3454053419010542
3 0.6962463947299032 0.4477848088578799 0.037774396200241256 0.24476867193911023
1 0.08899498021229627 0.12134310079830275 0.028923939393693376 0.10564250494291585
3 0.8619344289897853 0.7234917574887358 0.03492163387576923 0.13083350593149917
1 0.1357028838757694 0.13494002718603731 0.06141553482570909 0.07110567885919247
3 0.186438704770383 0.5229002836118279 0.04107645861557021 0.18877333992388792
2 0.1931003833099425 0.33763128707186907 0.06790455223856365 0.10567167984777566
3 0.24000303878243798 0.39957021296531203 0.12616402532631232 0.6818176857792747
2 0.23608798620519006 0.07198638243296433 0.019391809135968607 0.07251166996194391
2 0.2784923286965297 0.3902243878701718 0.07171554273916687 0.7139006739162767
2 0.2882701204196437 0.42804272285114375 0.048253793532136324 0.08772017589344294
2 0.30903964382539206 0.40784031079786526 0.06124511646291486 0.09760451186299815