2 0.5536415878249968 0.32375824309684587 0.2283249878997516 0.038356936686749596
2 0.5602546813073344 0.39575597402212237 0.21428066861791084 0.041236474836196635
2 0.3039637746914761 0.39831436363426664 0.20016362646343316 0.031616012985643496
3 0.4803035608940255 0.43967752353565503 0.5456397529268662 0.06576846509366874
2 0.28518143755385034 0.5378444679363377 0.2314318071815924 0.03528648376465036
2 0.49918939539937257 0.5509559427725342 0.17361930718159221 0.03427736282348768
3 0.4543354376520462 0.6056473969124496 0.6347567950813439 0.07669805681383793
2 0.5078917088274809 0.6667445840062364 0.19078862646343317 0.0314523717519414
2 0.25085591364794113 0.6630393368489054 0.15958407825883122 0.03871940097293471
2 0.2708957028755526 0.7102688928552598 0.1704670361043535 0.0295353157455871
2 0.5199099197962612 0.749775272317839 0.18470225292686618 0.05946827759614024
1 0.21814743189650962 0.7788864793004235 0.18321247579950314 0.07194100405718977
6 0.1374994791191529 0.1367887081971051 0.14276019262201595 0.10091939204448094
1 0.6646386960398616 0.18114977759284484 0.08145907825883114 0.03735572402541769
2 0.5159421208060924 0.22309004139256255 0.12827044574527377 0.027236430193927852
2 0.3156194130587659 0.275067778406919 0.1830124878997516 0.037566004057189774
2 0.5155739612633679 0.28637129139256257 0.11262726502711473 0.02383869480442442