3 0.5147651359242011 0.2963593879905865 0.7019638499237499 0.09659354544975232
2 0.31672571979604136 0.3833759671288541 0.2997467332825 0.06145924593951495
3 0.5483744568782635 0.4293122098252534 0.16239351006798622 0.13246940097293472
2 0.27335627308267324 0.43489360268051336 0.25152743882958334 0.06998876623205437
2 0.2835294004574996 0.5010953011383859 0.31388196846486116 0.06482970779006791
3 0.6999895486338884 0.525063266238645 0.29996493882958325 0.07083424593951478
3 0.5415399625778468 0.5887417569031541 0.13873649810013902 0.05552507142762995
2 0.2823643311189578 0.6182555275994354 0.24295252583555565 0.10420012499835245
2 0.5061823844055897 0.6651093879905864 0.11261040919430557 0.07381142126547413
3 0.6943727154276382 0.6657291765470704 0.2783081443766669 0.07982741639421018
3 0.5423724979127077 0.7542849362863031 0.14117182028847228 0.09305234496658024
2 0.30327363032152715 0.7600202877457052 0.26639002583555554 0.1046092280826075
5 0.0870849326582285 0.7880027861208521 0.10966724715020841 0.08156937418757355
1 0.7242154839480902 0.1552592808491416 0.20854115824437508 0.10203760714144483
6 0.14750751358336792 0.17157321672181702 0.13713893692972232 0.12109552434972923