3 0.35747345002768666 0.462437668756203 0.11573174274640259 0.6906632476909259
3 0.4544950516611312 0.6550441252595826 0.05356030073828037 0.27814412384546294
3 0.6156097177648585 0.32032524707879517 0.4224895758767081 0.3616946664471289
2 0.6622341077980826 0.8417997058912489 0.1391812183831675 0.0867562891612959
3 0.6678461528331503 0.6869167162588414 0.12223115514950215 0.23443237153638866
2 0.6694716047157636 0.5425611235161562 0.3606557001845701 0.09991783638111044
5 0.8795403261812499 0.9353910468905078 0.1350339389258032 0.11902198501425901
3 0.8737654858065724 0.7119241525926836 0.0811240962347739 0.2960930414703702
6 0.24804119987080311 0.8156618306316663 0.0951098457733484 0.1264052580585183
1 0.24273461983204184 0.21156965292199031 0.05152053207825791 0.10083933006601846
3 0.29816830119970583 0.4704559288409717 0.06148912399409499 0.4746090207351852