2 0.6511808567275736 0.4293042731573425 0.07427331893687779 0.28354201186299816
3 0.5960799514211879 0.29207087000131254 0.09258322794389144 0.25311968281352515
2 0.5636122031192308 0.5068973739556453 0.07091088217054313 0.13379667984777566
3 0.542782861664819 0.7103407089366172 0.23296839605020345 0.2307883794672147
2 0.4921260317737161 0.41864264026726766 0.06616043028792973 0.2785361768820261
2 0.4037749306016969 0.4354892420541535 0.06626055983757909 0.2800986768820263
3 0.30947900833333153 0.6910163418638732 0.19014054595791857 0.19475803756616053
3 0.3213989289036539 0.22534226232010862 0.25242169802510184 0.1209332184025195
2 0.30329406925064484 0.4349082633086918 0.062073707585825845 0.28772017589344295
2 0.26742642042266407 0.42312318771926005 0.041321116592839324 0.2557061719391102
3 0.17458357418789033 0.7167723700384936 0.09200343460686651 0.1954345168059138
2 0.18377331123108037 0.46393387152136845 0.06802331893687778 0.28328734387822047
1 0.14308296422111427 0.19910205038056086 0.08535052128091625 0.3104865138401644
6 0.787673573412698 0.13543491494466595 0.11446062307124442 0.1324543557412186
1 0.723702194638241 0.695955920876165 0.10231917334809956 0.2348153517868859
2 0.6908045612310804 0.4432739312562884 0.05129689389073526 0.26546317391627666