3 0.5529725138029834 0.3692944833273789 0.6873036818249421 0.11973116192384001
3 0.3643464125103891 0.4415033470534634 0.2764643409124711 0.055167373284465346
3 0.7076467904575481 0.6496261115555229 0.34292491802195857 0.4243979745253027
2 0.18679312098989573 0.6265235672161651 0.08047536167271767 0.13961951089576327
3 0.34240645102795186 0.6530746315823386 0.22939302273741297 0.12354603268728984
2 0.48727328205459114 0.6741733714428799 0.0832660751323214 0.3610574683211164
5 0.10313440950745849 0.8337790563204018 0.11303319368794011 0.13566398441265975
3 0.32700299102838937 0.8580517086858608 0.29317167984777565 0.08282247972108259
6 0.19354045847950668 0.2109696230323638 0.12231535178688588 0.0958038089182919
1 0.7992028680613272 0.2870111330949479 0.09872134288963733 0.052086659907027585
3 0.5421424431564674 0.30820951785625417 0.47314833992388794 0.06424671438584398