2 0.30625 0.45168563636573344 0.0875 0.07652731818121908
2 0.321875 0.51235040097623 0.0484375 0.08522047970746058
3 0.321875 0.27172540097623 0.0625 0.31984094155801357
3 0.35234375 0.7125998169666984 0.0359375 0.24593979139585792
2 0.4 0.466455474028713 0.09375 0.09226141233702023
3 0.40390625 0.3093560401813371 0.134375 0.2085955243497292
3 0.47734375 0.6971366838506711 0.04375 0.2726386590906095
3 0.50625 0.32631962338008985 0.096875 0.21419095941492117
2 0.515625 0.46599973214638785 0.1 0.10799550649282175
2 0.57578125 0.5305747008967997 0.10625 0.10029210064862308
3 0.58203125 0.29062185674099833 0.06875 0.371512535713815
3 0.60078125 0.7215445742735943 0.09375 0.22351141233702024
2 0.66328125 0.44310988271558066 0.065625 0.1308329886359143
2 0.67421875 0.5390127179429283 0.071875 0.10750458279171564
3 0.6984375 0.7159337280891981 0.03125 0.22554547077900686
3 0.7140625 0.29378599269969463 0.059375 0.37603639448011295
3 0.75625 0.4696121071480355 0.0375 0.4631545649348082
3 0.78984375 0.6940257260606032 0.021875 0.23788182954530476
2 0.81640625 0.47481207589844737 0.115625 0.11295574188232518
3 0.8328125 0.2839007037394688 0.096875 0.3329409594149212
1 0.83515625 0.8955785434310432 0.0796875 0.1576409504864671
6 0.10546875 0.870815286120852 0.13125 0.15854097727182861
1 0.12109375 0.2744488007313487 0.053125 0.15248980032431153
2 0.165625 0.518984004871264 0.034375 0.11153751785690744
3 0.2203125 0.723498181008002 0.03125 0.22242047077900687
2 0.228125 0.4467993133132504 0.071875 0.09187958279171564
3 0.25 0.2526674837679456 0.0625 0.30421594155801357
2 0.2515625 0.5448277102289952 0.09375 0.11726141233702041
3 0.27890625 0.7318504232973643 0.0375 0.202217064934808