3 0.2985046578902152 0.48094114528936893 0.11297841737172157 0.7236935642649073
3 0.3817377749704943 0.46136677969167816 0.07055170868586078 0.3622559590920577
2 0.37035325267476465 0.7579689950519422 0.042394585653496984 0.16028428213245363
2 0.4007127420311029 0.7586449449727998 0.04744271857321784 0.14327863855894432
3 0.44298127756838435 0.4775169654267709 0.09820754307885 0.1556709899708702
2 0.4784988884444772 0.716618917854911 0.10104831981405518 0.19629598997087
3 0.5292626210155514 0.3697522780423255 0.08878825645628777 0.3331594924781527
3 0.5782849930395091 0.4603258022572204 0.06688113342392406 0.1313696719450391
2 0.5835141703754623 0.7088853227111915 0.10315712303236388 0.20415395407749273
2 0.6392114213838684 0.4141123803121811 0.061450224273201216 0.254397994985435
3 0.6928173866028917 0.472586458367142 0.06589778763096846 0.1173071719450391
2 0.6798592926515215 0.7247938160472739 0.09345434110137862 0.1991936694377568
3 0.7645667004648622 0.4611428415158099 0.08864687278026225 0.1304436694377568
2 0.7497729549043376 0.7173019133025645 0.08306314431968716 0.20668792069139813
1 0.7981836857107011 0.8835202951975913 0.07185285668871906 0.09097199247815269
2 0.8148734310191241 0.7005941349310346 0.05308071337743776 0.17930706677218958
2 0.8339558388324647 0.43885265287772335 0.044579798526731905 0.19153428213245363
1 0.15316965060074814 0.2847972341648824 0.04473261783658371 0.23831835391920828
1 0.1798849699106002 0.2372402725655422 0.04405563861970405 0.09484113855894431
6 0.15573374177900134 0.8390611853393815 0.11520937278026229 0.13121655925034226
3 0.24314516853387694 0.48099262107447405 0.06304484730556492 0.45559678213245364