3 0.5190588547106311 0.31502473304014095 0.7236935642649073 0.08770843047685535
3 0.5386332203083218 0.39645578231450157 0.3622559590920577 0.057916715238427674
2 0.24203100494805793 0.41619788575736416 0.16028428213245363 0.036815497637747364
2 0.2413550550272002 0.446721199459695 0.14327863855894432 0.042465296912107854
3 0.5224830345732291 0.4595832648913064 0.1556709899708702 0.09284724282842394
2 0.28338108214508895 0.5203298250502583 0.1962959899708702 0.0942658990890262
3 0.6302477219576744 0.5348064649839737 0.3331594924781527 0.0771925048941414
3 0.5396741977427796 0.5934944734214941 0.1313696719450391 0.06234128729346118
2 0.2911146772888086 0.6248536339432657 0.20415395407749282 0.0961012176006804
2 0.5858876196878189 0.6497519079050648 0.254397994985435 0.05258931977759858
3 0.527413541632858 0.7096651104448026 0.1173071719450391 0.061850213972483206
2 0.2752061839527261 0.7231646483712358 0.1991936694377568 0.08656252649368774
3 0.53885715848419 0.7804314782308176 0.1304436694377568 0.08416172359113024
2 0.28269808669743546 0.7925049254130779 0.20668792069139794 0.07589784500534211
1 0.11647970480240863 0.8585267734136449 0.0909719924781526 0.06873513103285873
2 0.2994058650689653 0.8560490702409348 0.17930706677218974 0.046845262065717465
2 0.5611473471222767 0.8476909001005165 0.19153428213245363 0.037906771684364314
1 0.7152027658351177 0.14863829729062603 0.2383183539192082 0.036418682754290096
1 0.7627597274344577 0.17043888622070036 0.09484113855894431 0.04077382213985135
6 0.16093881466061866 0.2094419434692453 0.1312165592503423 0.11072422359113024
3 0.519007378925526 0.2595014193378101 0.45559678213245364 0.047128037378279065