3 0.5005474059246946 0.29326717716555 0.6623369185677376 0.19324085312814399
3 0.5018817635751189 0.40589723172965336 0.6404433297342195 0.11850096225635073
1 0.3667662839331844 0.45189866119351035 0.20578892504614252 0.03269779129135628
3 0.6310895997877433 0.4520833022657963 0.4014018136950906 0.0521851875617342
3 0.49647476789405554 0.4902722317296534 0.6311288864894797 0.09447146640553558
3 0.4948028439276471 0.5284942821445718 0.6268023318936878 0.07548466806520952
3 0.4870811790605374 0.5640649292401424 0.6214534978405316 0.08907357138455758
3 0.48861459824658376 0.6129284817296534 0.6381799228866744 0.1074450630861877
3 0.48145413788298086 0.6640057296550609 0.6239171637873756 0.10325447055472062
3 0.48240656616832583 0.7098034817296534 0.6322908682908824 0.08833986557569862
3 0.47682839220191753 0.7483215300699794 0.6273029796419344 0.0832971680652097
1 0.752836300895164 0.03236095288585186 0.06965116594684381 0.019272063487173065
1 0.7526027429125113 0.8852482319301462 0.04408996144333699 0.03288427759440182
3 0.6308215985511255 0.06804018898840472 0.31057655459579186 0.042193035692278745
1 0.7693636644056843 0.07775596325881405 0.1866779796419344 0.04990860207923682
3 0.6455862029623474 0.11667859853152993 0.34182655459579186 0.04456101909553922
1 0.4364417404392761 0.14107863774829363 0.07740310919158375 0.043183160167825155
1 0.48632182449243216 0.15129316471799534 0.054927331893687814 0.032150571785542814
3 0.3704069278239197 0.1888425541398961 0.34595285009228516 0.060422817435865285
1 0.6805631778239196 0.16534031886253583 0.2233955320782579 0.11333248465266035