2 0.30153106341499625 0.5775201246858901 0.01355451734563573 0.09164536606107632
2 0.3248343927832219 0.8328932798366411 0.1502363573360908 0.03255689273291544
2 0.3772866834420404 0.770744224077067 0.0069227093411814876 0.058322683030538156
3 0.5306907573997242 0.4462071254347961 0.9173202427593594 0.7570441309432997
1 0.5567207394573125 0.8687040077067298 0.3255636213399088 0.07496701758798352
2 0.6403764820973592 0.6655952410368304 0.014917022676635838 0.07458541181871077
2 0.6667668067711315 0.7158344860358606 0.010502242679817541 0.09764027454580723
2 0.685203345361226 0.14973125391370806 0.013045440006363406 0.04789536606107627
2 0.742021892783222 0.7988385625482202 0.12203863200190898 0.024011069095493554
2 0.742899308720543 0.33660962951768203 0.013663605346908447 0.10102036606107631
2 0.7706350520766783 0.5024738745167122 0.013338530712906938 0.3413902745458072
2 0.8916078866963624 0.14617646390594938 0.013518154678544647 0.08852036606107631
2 0.9084265007558596 0.5835011207236904 0.013899962682999246 0.12133286606107632
2 0.09897932276413188 0.7105710960571969 0.01340906667727224 0.07914536606107632
2 0.9282571954169054 0.5404367758744414 0.01622607869190773 0.18708541181871077
2 0.9353408000477252 0.2755452284498169 0.019459072008272217 0.06246804909161448
1 0.98125 0.059375 0.034375 0.0375
2 0.11054024737427084 0.29282561560203435 0.0163522533418178 0.0637754575763454
2 0.12612253075267787 0.6239002724197753 0.01980451734563582 0.09215554909161447
2 0.1317447274029059 0.5022325665104199 0.013554517345635819 0.09164536606107632
2 0.19925040073995118 0.5240918489321349 0.02102266669318058 0.19684304909161449
2 0.20244648404677057 0.32833293878041403 0.0196954293443631 0.08278054909161447
2 0.20368117270049843 0.2328291201439622 0.01655224801081765 0.08096295757634539
2 0.2756514581078587 0.7727846983233116 0.011701116008908663 0.0665178203034417