3 0.39920994742275207 0.2965716211515541 0.3024566146538925 0.06960764067130061
3 0.4792792277259054 0.3426402151329139 0.6480147761192819 0.10046135727732892
3 0.47975286126299055 0.4375383180373433 0.6596759724103801 0.17449085312814389
3 0.5060453663513732 0.5149170342191642 0.3360127431025951 0.0565874224148871
5 0.5210562126879001 0.525451792517534 0.2518015174128546 0.05331886722608381
3 0.497871018205824 0.5521093808998163 0.31348264586155705 0.042429834032604676
1 0.7960660945275044 0.00885322851751837 0.06726274310259513 0.01770645703503674
3 0.6745629087518558 0.016898083083943933 0.1667714201718166 0.033796166167887866
3 0.19984851877165094 0.7746760782098128 0.08840075870642727 0.02381785352912935
1 0.741275695952414 0.09479009790682999 0.0912668091359686 0.07850535352912935
3 0.49906054047991866 0.17306142094177268 0.3372476944820761 0.05045582158505013
3 0.47789486940359094 0.22057596098372895 0.6564004862051902 0.11199085312814398