2 0.608425191157567 0.7583313941640764 0.028436465907742913 0.1981851944820761
2 0.5946310669666983 0.38382936114738964 0.05660019642598222 0.3807453889641521
2 0.517414407472347 0.7308847455889859 0.05705238960884902 0.22778416327441153
2 0.4601104220828436 0.7435208644267499 0.029472860387855702 0.2575601944820761
2 0.38947596266462725 0.3550924502478272 0.03366152840691896 0.31866146879233553
2 0.364207586855496 0.7275473043862701 0.06050467207625303 0.24669793758467123
2 0.20778958604142178 0.37059354025277597 0.027711537335372773 0.3355214201718166
1 0.1386749419650507 0.11908859396167766 0.08919095941492108 0.10146068068726607
2 0.11584222484278714 0.7551931902982044 0.03572286038785575 0.2578877431025951
1 0.10580830032760687 0.43406181874690697 0.07099788717321695 0.31125176051544956
6 0.8345271842544129 0.214204015149547 0.0835409772718286 0.13550813206674706
1 0.7886427508173695 0.8717774977366926 0.05151940990138861 0.17910100180902228
2 0.7431543417234646 0.43149333446228083 0.037413819802776874 0.35476274310259515
2 0.7086706530081202 0.7495096720923804 0.10250125730360064 0.23797139077317447