2 0.3838497124710204 0.23246757908665394 0.0845261917107738 0.12199701680591399
2 0.4121417861204669 0.5822593320524035 0.0930735207602467 0.10206651878308044
3 0.42366558205240346 0.40567958600673615 0.1091680474519924 0.22907468775644108
2 0.51539153114037 0.16841169075937162 0.05764003954332697 0.18953734387822055
3 0.5530665805695287 0.4039326966908707 0.07880938539871388 0.24967634783255316
2 0.6661780287060931 0.5575126359301865 0.11593801779449713 0.08895902372599629
2 0.6653132766917457 0.1534618058921304 0.07422536167271758 0.13717634783255322
3 0.7157602401513493 0.3770239812912818 0.08760606524648953 0.3124310158173308
1 0.83984375 0.93828125 0.1890625 0.1203125
3 0.8229970785923623 0.4055720870325004 0.06774455140632511 0.24610567885919252
1 0.9137666586304185 0.3936716063098723 0.07621226190017935 0.4539181788591925
6 0.18144352034031716 0.8926397806460784 0.10062603558899426 0.1725700197716634
1 0.19059180239490825 0.25579103806045217 0.0605793557412186 0.10854201186299814
2 0.2775121181356893 0.5705339703796858 0.06986151384016441 0.0683626808363588
2 0.27616454646340916 0.23119955634924097 0.04843218281352524 0.07840884288963731