2 0.2723118868430847 0.35492307985958166 0.08341555674305985 0.1309077488188736
2 0.55707934342786 0.41223454973769674 0.12322220282385157 0.10420140507947587
3 0.7300311101209074 0.41636151063013715 0.21835284639736088 0.10127979092165802
3 0.6978611192921075 0.493343162081416 0.18582985141192587 0.05643851687504089
2 0.5610430808914477 0.5215822678865314 0.07041545157021041 0.11328373920022691
3 0.7289807386507219 0.5415252017371298 0.24672188730530314 0.05700400126594438
3 0.741341997821922 0.6169517876719792 0.24144335391920838 0.03652781015895172
2 0.29297269398185594 0.6349553202409348 0.07781877461060623 0.0994940577118811
2 0.5763678671805363 0.6719815719702152 0.08379598997087019 0.09033731252120454
3 0.7408395441401405 0.6803148832254754 0.20222774122451134 0.08354665389834963
2 0.3109678392047179 0.7696204969199572 0.11366534639736088 0.09762402286549073
2 0.5744225854437942 0.7932662949283733 0.06146634890464338 0.07394842068857273
3 0.6888260662434643 0.8010018946582209 0.15181856426490725 0.06773811542376222
6 0.214305507059629 0.2427703094411616 0.12322220282385157 0.10420140507947587
1 0.7754846994586393 0.2583654721555498 0.1933528463973609 0.1004067716843644