3 0.7058820504525568 0.45155588680324665 0.046250185274910295 0.4578520727943891
3 0.649522888541898 0.45281680059062224 0.11886585566262457 0.679044754780362
2 0.5397347038861602 0.24906884176817878 0.034387924316655646 0.2031645727943891
3 0.5149745682352371 0.5922972100590611 0.07763711827801831 0.32900518198597284
2 0.4745441974760194 0.22895540330380096 0.04477746071058579 0.15865310919158365
2 0.36080918320799577 0.24329611042820137 0.05938792431665565 0.2047666455887783
3 0.3577206863083677 0.5302849706995192 0.11207196856846853 0.13180880937615386
2 0.27776339681406564 0.29406567088408936 0.05818929735218488 0.21247901603912894
2 0.28419544912864925 0.5835787538575113 0.03540676881613756 0.2250395727943891
3 0.2395336124870501 0.533157251698043 0.05382282092583344 0.11872901603912886
2 0.21555449524248904 0.3043208528700622 0.05891704342324351 0.22810401603912894
2 0.18528491418246115 0.5797306654854186 0.05949924028009033 0.24060401603912887
2 0.1624851532242064 0.32574407233296376 0.039186740280090324 0.23930233189368783
1 0.7949232415184355 0.6809244093207807 0.046952082712657627 0.07155362739018098
6 0.7418707845319032 0.11387661166481906 0.10335194003242129 0.1452705320782579