2 0.707415840949652 0.37493854800435267 0.02218801779449713 0.08590554909161438
2 0.6626272643716371 0.4107323978545715 0.012303681824942103 0.07264027454580706
2 0.634442550454923 0.5846959274013485 0.014757519771663397 0.09464282030344169
2 0.575838235702725 0.28142727725156724 0.013866181824942102 0.07276782030344169
3 0.5758421887822053 0.45465748316092264 0.48484179847775655 0.6624984527445534
2 0.5662191324701453 0.5839941678584507 0.01874468281352506 0.07783795757634522
2 0.5126763439154016 0.40494426770866954 0.015359697642272786 0.14764027454580725
5 0.4923851126613009 0.09933199649684224 0.16147069368794006 0.14087957576345353
2 0.48812330737500514 0.6295615014978121 0.01745539133021303 0.27551018303053815
1 0.9507188774900485 0.13246490814637518 0.021742348821136303 0.07496804909161443
1 0.9333549639538952 0.14877543435917234 0.021169345855386722 0.06090554909161443
3 0.9140054446765232 0.060795526043619284 0.016030859695551312 0.12159105208723857
1 0.9302789738769078 0.5926848020872386 0.0850700197716634 0.10038237939699571
3 0.9090221033069417 0.41727021390594937 0.03811540121604473 0.32391573212215263
2 0.8565298201894054 0.2640015637561682 0.0077435158173308595 0.07538263727290354
2 0.8680018083635883 0.60325538239262 0.017436850798302574 0.08396041181871076
2 0.848948130455798 0.15488165527143724 0.014410009885831698 0.04789536606107632
3 0.8548611853221642 0.41542054254434085 0.09138095855386866 0.5992344675782849
2 0.8477835143716371 0.395618225574879 0.012558349809719616 0.07889027454580724
2 0.7939024861970166 0.26597839406154955 0.019827021748829665 0.10440045757634539
2 0.7900147767289267 0.45912248724380866 0.018681015817330858 0.07627545757634521