3 0.6787699245806254 0.4601763714934634 0.09525282902527828 0.6692136083130604
3 0.6207944236306948 0.48707975995894903 0.03674411910979192 0.3704761264634332
2 0.5921979513661115 0.5341274767814618 0.02689372758291686 0.21575226502711473
2 0.5841620201359724 0.25601156714054146 0.051531358091875215 0.2674511204133089
3 0.5478680295383687 0.6101768923743105 0.07304398860083375 0.3191317950813438
2 0.5374558999793407 0.5321018893492484 0.02994599240055571 0.21264544574527378
2 0.5304005872903127 0.22897688934924845 0.02645731648875014 0.19700226502711465
2 0.47671254283739606 0.23866550673749526 0.04924150626826407 0.23619203005422928
3 0.45555324296923666 0.605244473560008 0.1476816191097919 0.371121541958086
3 0.37826208472486156 0.5072433107958296 0.031689023935694574 0.15328862646343316
3 0.3439916150257294 0.2769427324388026 0.08579725531833357 0.26296360831306054
3 0.3406367577868755 0.60278761495236 0.06650304787138914 0.3065954336450254
2 0.28701426320211826 0.24601998536566883 0.02583906743868063 0.17043976502711464
2 0.24222909327423636 0.2689398557789777 0.06275849240055571 0.21283634328594586
3 0.23711040786312543 0.5190034882925351 0.14582425911805572 0.15707722267624522
1 0.21061280452090286 0.11910348224241085 0.11468205547083343 0.09440450585373247
2 0.19477221181534743 0.24421256655136628 0.010104964665139039 0.16566136143631843
2 0.15810866641250024 0.28036823516927706 0.025620861891597357 0.16106476502711464
6 0.7924440327694098 0.10712357348525323 0.10908667211208325 0.12249314441741399
1 0.7738317707046534 0.6502741306668456 0.06922408510611114 0.08789088544042371
3 0.7360011963321185 0.4684383233870574 0.051535277354167165 0.4689863493360701