1 0.5813214197943847 0.13217076095375332 0.12493429802252862 0.045877336038126514
2 0.5149819637064139 0.5103815357105197 0.2950611277239409 0.023877425322663903
3 0.497449528324689 0.2801076546230874 0.6940556386197041 0.10575035713814955
3 0.4800602965099193 0.40573890015886055 0.6812714153549091 0.1461026217486463
3 0.45709840789021516 0.49920252799988185 0.641903276735205 0.05177987743068897
3 0.4497122427874075 0.5600854809219813 0.3343092980225286 0.049531990257472104
3 0.44459877186840113 0.6108394573830309 0.23946669158591122 0.032270577920451696
3 0.47095236632397447 0.21159343384408058 0.3599977128732347 0.03749564041962783
2 0.414866621267653 0.32012295413662006 0.12496714901126431 0.024029609577076803
2 0.3755198980028581 0.2787615685849608 0.10399908514929397 0.014300053570722416
2 0.3639157624852471 0.2433598567344078 0.1536713032183087 0.010485306817133288
2 0.23445785542821115 0.28255695007943027 0.13524908514929387 0.014845524349729189
3 0.1580717739620881 0.7708830645277711 0.10163890965492603 0.025183006492821746
5 0.04701357768459987 0.6140682284896446 0.09191398441265972 0.1092852711033185
1 0.8411170368746637 0.1194970316500346 0.0749671490112643 0.023156856330665977
1 0.8181547842767737 0.10110554179630434 0.08445140965492612 0.024882997564368025
2 0.8072122944162323 0.24640440502682917 0.15655563861970415 0.09636825973923262
1 0.8025190765993191 0.16810212702365196 0.16015053218308672 0.08082508035608367
2 0.7574036825317334 0.29872483562779417 0.15890510643661743 0.018379627433984337
1 0.6875468344698639 0.9733293693130143 0.04426345222957302 0.030423885551659424
1 0.6986367898015299 0.8147356193130142 0.14477690445914604 0.061829618505530703
3 0.7473013348971923 0.07405607223511353 0.1607953883676025 0.02309440097293467
2 0.6931822814267822 0.15446059252765298 0.07246486188449915 0.05432503571381497
2 0.641238097130338 0.38273955113179514 0.14484260643661742 0.018134165583431283
1 0.6191820527141056 0.15004009942751184 0.06468521287323466 0.03234094155801359