6 0.6928436765033946 0.15163695064940194 0.09717597241038015 0.13027830517696723
1 0.712753300541083 0.6661089743269253 0.048827003618044526 0.09942314732681172
3 0.5912933011069098 0.4717890979056266 0.12206302351728997 0.6348747999152954
2 0.4769751735627185 0.5184127399001793 0.0590894742194024 0.17634966837349922
3 0.4032864473071512 0.7272332740304591 0.16040631275401313 0.17757751038216937
2 0.377891463138126 0.28752603192296694 0.025867538443753713 0.16662605787839038
2 0.3211755529159322 0.5361070160673643 0.04321881275401314 0.17075211575678076
2 0.2854583016727367 0.288207842361606 0.03155097241038014 0.1264560841867496
2 0.2668122795101838 0.5604314528567149 0.03335248982323469 0.1608310841867496
2 0.23854235809517185 0.2901567502117615 0.04224281094499087 0.1224056210184525
2 0.22030244968200036 0.5850821133377062 0.03793817051050077 0.2483310841867496
1 0.19757212008095948 0.1812668685993781 0.12029256784239584 0.09579688936371684
2 0.18541071404263715 0.3230294343702762 0.03845606965141819 0.1393201052334369
2 0.18301048959609206 0.5762832369869948 0.028406040252776023 0.2150635578783902
2 0.1518136420163698 0.33987530012705686 0.02652263568479172 0.17912605787839037