2 0.5330447983632827 0.36311290607095126 0.16952288981258548 0.028526084022908016
2 0.6287581151354724 0.4048378767504507 0.07867056927947225 0.019659066677272286
3 0.5784315062016991 0.41987198341022375 0.8024383413827959 0.1467906614417222
3 0.5826081923325034 0.5097339147437692 0.555414925705963 0.031454373408632816
2 0.793165259104693 0.5527952134388588 0.1629546410662268 0.017515858688726384
3 0.5863446092629776 0.611305505410542 0.7796373388755136 0.1683929414385407
2 0.3046543400626477 0.6197425247055891 0.07076714106622681 0.01644316000954511
3 0.5916124339527261 0.7386674367440873 0.7537902412245113 0.08530772143535899
3 0.5793912302709447 0.8017850547421783 0.36975021034569905 0.038665794716725085
3 0.5801102957894931 0.8533384640754056 0.34447742570596296 0.028999893379997845
3 0.27288882917558804 0.8700692413669529 0.10228992570596293 0.026181786680454167
6 0.1199380784506722 0.09589485001590836 0.1252848079967011 0.11860564401654469
3 0.9235177195168991 0.12086505545826698 0.03496603338609496 0.020712489337999785
1 0.6852281093294845 0.14464581142581392 0.18764841567683313 0.11464539735836246
3 0.3239783722616083 0.18339649204327074 0.3161705692794722 0.02242262937617987
3 0.5749845942857899 0.2745685740769964 0.8191712003165692 0.1313656561107221