2 0.6777801933844272 0.42705906886253586 0.047604241732115506 0.5599436850629343
1 0.6592806422111501 0.778313915543188 0.05379961179556503 0.06796967261537983
2 0.6751785600741338 0.05110667841494985 0.01730160580511537 0.1022133568298997
2 0.6609002613479273 0.2187380060000627 0.02346232576804841 0.18098989087179324
2 0.640627456083117 0.1298889935525081 0.01999009618646852 0.12618399170163022
2 0.6225123400263828 0.40319643898840474 0.015848233209776907 0.1414537941911412
2 0.5001784938399142 0.537135576335713 0.016374022865490723 0.11188469336130424
3 0.49211929537208643 0.3907904820536143 0.9842385907441729 0.7815809641072285
2 0.4803248731434925 0.16852820890913653 0.03060519237293704 0.25165758838228236
1 0.3934745929367895 0.7813134740559835 0.22249504809323425 0.07919428299298623
2 0.4157217145206375 0.05498777239630957 0.01857143992586625 0.08555899170163024
2 0.3322593622589013 0.43687823505364565 0.037728211610230565 0.27713118506293455
2 0.24073651725355916 0.6479592902424489 0.023804576949174816 0.1015391892121194
2 0.9071155185195036 0.35280073960381586 0.025912713972483202 0.11728258838228234
2 0.19146572586856486 0.3407989082937254 0.017881959163159912 0.11044059253146718
1 0.15461298957874495 0.7713627466760077 0.10815972958157993 0.06273864357108572
2 0.16688238811961692 0.37538739584617076 0.030714319777598663 0.25478258838228235
2 0.11585311225890124 0.45327652012122444 0.03143851687504098 0.18626938672260848
2 0.09923607505025822 0.25974000767366984 0.017008939925866207 0.08544059253146727
2 0.07053815617578424 0.27827744273660426 0.019553586567821624 0.11368399170163031
1 0.024699800285850913 0.7430270269697017 0.03217758293962455 0.02893048340326061
2 0.8670336994596951 0.16182146470870656 0.026403787293460823 0.13134508838228234
2 0.8041616772271766 0.15489788110030905 0.02744049763774754 0.16103258838228235
2 0.7251487890227416 0.1182641173147192 0.02221233901489228 0.2365282346294384
2 0.7092459589935238 0.4854509867040308 0.027554603442862556 0.29817739087179335
1 0.7036259307705555 0.40094593213992746 0.028055567330527963 0.08939438672260831
1 0.6919096368536726 0.5802665792354981 0.0243849303072194 0.07353258838228242