3 0.3043160916587157 0.5261939017837136 0.067564240119445 0.6884000267853612
3 0.3956859740675352 0.5262269038123084 0.1318085780753478 0.6973307418823251
3 0.04895187195958358 0.29136138555165914 0.031288980432708446 0.1364284237011061
3 0.5145996282278477 0.5353309427725342 0.12530400493708385 0.6862841477265238
3 0.07515918778274365 0.7127415077106377 0.035180312689028034 0.3036159237011063
3 0.6011183564763546 0.5282508741842781 0.05524607807534778 0.6959943384737585
3 0.6374766966164589 0.6811673685022352 0.030273300721180618 0.22699887662320534
3 0.0725348423243058 0.2980204886359143 0.018898083206250128 0.14089773538950343
3 0.6927609958190282 0.5400026262128731 0.106626740119445 0.6890818652591199
3 0.76866953238816 0.5467941428519645 0.06451197530180615 0.6914704797074605
3 0.10836519918191005 0.3947006197233466 0.04873758567479207 0.4834670649348082
3 0.1503572499030908 0.6219040478886796 0.025802699847500145 0.16913182954530476
3 0.21828767268076432 0.5207876071414448 0.11643815121361172 0.7079955064928217
3 0.04438261967847286 0.7660886501621558 0.021624346124027936 0.1909250089284537