3 0.3360561380967259 0.36450153193598345 0.053086862232478535 0.26876984736759474
3 0.351646663498755 0.7662004411918106 0.08127404671392995 0.2182440577118811
3 0.3777722766556703 0.4034201881965857 0.05967183135366607 0.22685516587924912
3 0.4478624339527261 0.7469271407363236 0.03512647241989288 0.24160714664195543
3 0.4491327996169239 0.3614261503549705 0.07232024703049919 0.3396825480932343
3 0.5017135449980703 0.5591568114248961 0.05776966521461446 0.42970734736759475
3 0.566661280416594 0.3772371780297846 0.11525189311129083 0.31308533175849823
3 0.6416361998543507 0.4594618901881694 0.027739869754325852 0.20232639183263199
3 0.6556294698461034 0.7526216131463275 0.060126472419892885 0.24248016587924912
3 0.6692550830030187 0.3894048505324557 0.04387699828414036 0.32776290145127884
3 0.7073066639609734 0.4633160656860654 0.03512647241989288 0.24160714664195543
3 0.72180839931299 0.7471280704953889 0.06519440564770314 0.20207342068857254
2 0.7618697949980703 0.5682416678629837 0.08632995658477541 0.07013393992586625
3 0.7693687432695754 0.3968031774816305 0.10712114436493217 0.30187501324684385
1 0.8097810754146643 0.9273636967189243 0.15064852084968267 0.13481648801910034
3 0.8723994326990848 0.772678685919151 0.031501367247043534 0.2243105192372937
3 0.8756331151354724 0.4278299773889633 0.06039925705962901 0.2518551658792491
6 0.25080088050837157 0.8945759231356434 0.1024838054894186 0.14250001324684405
1 0.24158237556031362 0.47046630054030497 0.04775084138279597 0.13902778366526397
1 0.2486554264973857 0.33803574645662093 0.04913148495630519 0.13283234736759475