3 0.6837821675237116 0.5170570301916116 0.12364593047685535 0.7270338907731745
2 0.6058208917478141 0.27082051730131285 0.035129001265944385 0.24670458163720585
2 0.5370212402117172 0.6331434548859839 0.04961314191744996 0.34884029172311415
2 0.5024429206037546 0.23880695669500626 0.033402810158951725 0.241935194482076
5 0.34838788158101297 0.09481569651824096 0.12097224282842393 0.15918464947960165
2 0.3180753219702153 0.5385623744919735 0.0351637176006804 0.2030364687923356
2 0.2093525971979588 0.5926091446183616 0.0989186827542901 0.2422494549975255
1 0.16283976198089956 0.1380721308235517 0.06637402286549077 0.11421298620519008
1 0.1264433826773213 0.510394188150498 0.05477186787083288 0.3179178403436332
6 0.8367856934692453 0.11055032338506374 0.1050198606144388 0.14899077792830412
1 0.7803570340437821 0.7662171472203534 0.0444990228654909 0.11306656603337366