2 0.30260877450437546 0.5264744539347591 0.018246079406528004 0.24782219336130423
2 0.2979173552420836 0.3249119539347591 0.014318379559027861 0.07907219336130425
3 0.30086247691732676 0.4178215043496776 0.06004268084888942 0.7033151767645647
3 0.34612042553055594 0.4120441784149499 0.047615416031250565 0.7054929834032604
2 0.35222756800736155 0.5399323800746239 0.016573170212222443 0.17594719336130424
2 0.38934570829996573 0.5206845499907112 0.02118924145062522 0.24024649170163032
3 0.3913601903481948 0.40548560248022214 0.05401088639597287 0.7122165800839125
2 0.43249629625586844 0.5252410728112281 0.01969947663298619 0.24325309253146726
3 0.4359459917349657 0.40445497613057596 0.05390178362243105 0.7075290800839126
5 0.45514024135371595 0.8256195811095978 0.10585256933854162 0.12500184523075966
2 0.47895306895729206 0.5037203477063373 0.0218802256830557 0.2699339917016303
3 0.47976872691732675 0.4042647993660113 0.053574475301806146 0.6934665800839126
2 0.580769488885174 0.4733089520606593 0.05418488582729193 0.3176144751048907
1 0.6300675061713549 0.8092338740513391 0.17496624525034737 0.14583640871793263
3 0.6359823593261462 0.3908623823497089 0.1875130642076394 0.6848989087179327
1 0.7461100802595493 0.7847881358741938 0.0714775693385418 0.12239706348717298
2 0.7561857565526046 0.37705814624715606 0.08773126975472287 0.686696361827499
3 0.1701579907850351 0.4512045346433716 0.03307360524208365 0.3487693867226085
2 0.1854374986688198 0.4351767929417413 0.029657664512639136 0.33603258838228245
3 0.2404880213702434 0.41300487240095396 0.07610409194305615 0.723249168466195