2 0.26533299429678736 0.42613621144681124 0.024075454964932064 0.15649546185055313
2 0.286272957281284 0.24550382021310924 0.016905700184570095 0.06896818831160267
2 0.33969264420450235 0.45917480803824456 0.02363536397194572 0.12527273538950343
3 0.38381408158914593 0.5013253518697344 0.18740648364710405 0.6837591655834313
1 0.38971151913067315 0.9085787443212524 0.0639809592838688 0.07291139448011279
2 0.42768399753598985 0.48651282954860003 0.02836243676633483 0.150327282467404
2 0.42661524599483036 0.6371440750843732 0.028122604872647016 0.12222955600635448
2 0.4497556639442591 0.3003980515454228 0.021031995681063266 0.08464773538950343
2 0.4881430313122908 0.6025139306042602 0.027160882170542956 0.1315772824674042
3 0.4970755451919514 0.5118343835263596 0.11392941085271495 0.6575045827917156
2 0.5060185510520475 0.4453463129095086 0.018586918567737597 0.1439136412337021
3 0.6006814065430034 0.514708193186162 0.1818783744555203 0.6462046185055306
5 0.6213119725544457 0.8990735105566021 0.17173290252860873 0.09820349512873605
2 0.6813806940199322 0.5218837191607444 0.022433809376153847 0.10652273538950326
3 0.6919875269933542 0.5146751911575671 0.10920233805832566 0.6324500357138151
2 0.719226357188999 0.27228313961543954 0.028723382170542953 0.1316045560063544
5 0.7161912808508655 0.7702160791448582 0.0658834207272058 0.10259889448011279
1 0.07950132557216631 0.2085334744324548 0.024557513879660632 0.0909522824674041
1 0.05817658235972571 0.9122624464292777 0.11635316471945142 0.09771257142762976
1 0.10238691548541856 0.15584880519557553 0.02557979333702489 0.05819432954530477
3 0.1223561474437048 0.526178896104966 0.05750492596899317 0.36153751785690746
1 0.144566318632336 0.252659575488115 0.10588665946843889 0.1423159594149211
2 0.19800938464377835 0.6364521485405981 0.022473382170542955 0.13149546185055314
1 0.1816091224621607 0.9410851014626973 0.11277940468807693 0.05503414772652384
2 0.2133909600590611 0.4816691911542718 0.015042811535622213 0.06425341477265238
3 0.22408862816537334 0.509576002842669 0.1916329086932466 0.7010012126613319