3 0.6014035799252306 0.557853788749178 0.09268386943026811 0.7150442920114539
2 0.5080012146324107 0.25828904606936043 0.05201812802354446 0.17401930267345422
2 0.5018666565881855 0.5840430240690423 0.045131781349453705 0.1192590773392725
2 0.4556910905872309 0.5905379247294517 0.03608404535327168 0.1472749893379998
2 0.4128041565881855 0.5830066880569519 0.03948176535645338 0.17074885200509068
2 0.3862080306333652 0.24983965205281575 0.04576812802354446 0.1739465773392724
2 0.3296762199634108 0.27340387404517974 0.07380222135581711 0.16646134134309049
2 0.3095973405872309 0.5888379700429526 0.07085903469127164 0.18204997867599956
2 0.24079279658659458 0.592725491366953 0.05045562802354438 0.17400112133990878
2 0.23315575596754695 0.2418078813653622 0.03056129869508961 0.20970226400381797
2 0.09865984058723092 0.5863834900143174 0.03608404535327181 0.1472749893379998
6 0.7638614106460919 0.16047135343726793 0.10792268268618095 0.14498633068109026
1 0.723286028564641 0.7600804547660408 0.0591033746817267 0.11161020934118149