3 0.7058659444096037 0.3851131689444813 0.07136378546583089 0.3021832382131757
3 0.660282119564234 0.47036361828252754 0.10423889790306298 0.6477140620344933
3 0.565416029715955 0.48027161931598483 0.17831412669123575 0.6589469685684686
3 0.48821567198982835 0.5144518742783836 0.05854479213379058 0.3358304921421171
5 0.47777237956617374 0.5306226838316774 0.05478232122152562 0.251601041356329
3 0.4509867389592902 0.5099120775453712 0.0442591515269072 0.31337329528527036
1 0.9921875 0.75546875 0.0125 0.0671875
3 0.98359375 0.634375 0.0296875 0.16875
3 0.2267370695545357 0.2317636145584739 0.02433006242753404 0.08830052067816449
1 0.9095956907857599 0.7097021383415194 0.07901756242753422 0.09084763192686936
3 0.8299249398676757 0.4734414607150949 0.05242233789142503 0.3371018937136938
3 0.7823006407760613 0.4568383116247177 0.11581412669123577 0.6560359842842344