3 0.5187672648337316 0.40180142247999484 0.7209499709122648 0.09683900730030537
2 0.21242192786039044 0.4934671765404799 0.17751896424430508 0.053027362823487675
2 0.5380118592239386 0.5014974594116257 0.1223212812137671 0.04582278896022594
2 0.5412805093737199 0.5477139403369022 0.1496810066679597 0.03693871266133186
2 0.5307417510387701 0.5905599594116258 0.17337359818322895 0.0404728157455871
2 0.19544210876489668 0.6152194456152034 0.177008781213767 0.04677736282348768
2 0.21506921149005337 0.6718921854689336 0.17149210485118865 0.07476599512873605
2 0.5293549810348908 0.6938076903369023 0.18686201333591956 0.07191373051823931
2 0.5284304676989713 0.7626395109537534 0.17739141848667045 0.05146486282348768
2 0.17669262451671225 0.768235351459402 0.21167082363742162 0.03177965421934559
2 0.5121363037542285 0.9047451903369023 0.1496810066679597 0.03693871266133186
6 0.1324306363548197 0.23702053327818295 0.15242311151914842 0.10875916558343128
1 0.7296884025656771 0.2810873222351135 0.11565669303247787 0.05974892126547413