3 0.2859866491645162 0.46567810224399653 0.11289781429508743 0.7034380177944971
2 0.3615901911421201 0.6583656679475965 0.0684103962731288 0.3007295118629981
3 0.4210765735750844 0.42351582406937605 0.136181533611828 0.16465936068413445
2 0.4106524322448715 0.6984839905712787 0.07581171939110262 0.2526740138401646
2 0.4775361847163294 0.6840593932330171 0.07210839923887828 0.3149193458553869
3 0.5257852727002319 0.2655985533091293 0.07778539627312889 0.30111151384016444
3 0.5803242395826956 0.42014679045754805 0.058727695665106515 0.13966467787060938
2 0.5947873517125238 0.6777218685184379 0.10980471741393635 0.2446996877564409
2 0.6547366491645162 0.4506526911421201 0.07639535672980173 0.11386618182494193
3 0.6663147722059404 0.2622122736516341 0.08626905832640723 0.27961851581733077
3 0.7461402405712787 0.4087105888609425 0.0962913626613009 0.14275518577927465
2 0.737961690153537 0.6477094218647481 0.1107597223568522 0.2681371877564411
5 0.7533943946787108 0.8623475834237351 0.08408052273741298 0.11105951680591417
1 0.15689069266217587 0.26503079790910294 0.10684154349765969 0.21026102076024672
6 0.1396475710664454 0.8413386299243253 0.12422536167271767 0.1392136917107738