3 0.27561348462710084 0.47387243272343105 0.039474306280841455 0.44514208163720587
3 0.3389174666804121 0.46977475294067605 0.08141306835503537 0.65327548620519
3 0.42004413156582243 0.6574175158309747 0.03370036473976086 0.24670458163720568
3 0.48319734943336884 0.685310142470655 0.0805466210079672 0.19455558344622811
3 0.5375775901956616 0.2908707457045868 0.07802467775102695 0.3223530348257091
3 0.5820597129194884 0.4242697438955645 0.024875631037097 0.10427142017181659
3 0.589552649512511 0.6493140094993968 0.05543897241989289 0.24316350180902227
3 0.6392728193459792 0.41503086273332856 0.0688529515702104 0.11437676051544958
3 0.6476917584462842 0.6618682411820311 0.04902383636823089 0.18354284034363316
2 0.6980136703621935 0.5141400701057034 0.09506845909205772 0.050225729307785016
3 0.7104645430860203 0.649217754976841 0.06247858260730723 0.21701043758467103
3 0.7480029616658472 0.40465220545181085 0.13341555674305994 0.13492163387576941
1 0.7826935810909686 0.8209455907979184 0.1235404515702104 0.11724281094499105
3 0.8059134354058883 0.6395351385139262 0.06335912100796719 0.1936548247398008
2 0.8119625100956369 0.5120685577812315 0.07760817445232178 0.039949970601357875
3 0.8400062567304246 0.3257249440318501 0.03667225204506401 0.29522396879233553
1 0.8738751398790925 0.3949352894638658 0.06111728872986433 0.5991678403436331
6 0.21248638117011093 0.8204065959978426 0.0876029515702104 0.11535940637700648
1 0.24592729928771945 0.26091208729141535 0.05870506175762476 0.08732293758467105