2 0.5602899625778467 0.6352351094961255 0.08328658510611113 0.09270673658176456
2 0.5522859325613193 0.20595861967515833 0.06424564437666672 0.07900518198597287
3 0.49767182095406237 0.16568527066260744 0.7411003915268752 0.2019486474344796
3 0.48807143009277737 0.5445414558877827 0.7498961229095142 0.3117241656330769
3 0.48178114323930493 0.7475663263381335 0.7663172906531945 0.14583834977851798
3 0.4869310766536456 0.32460968768918547 0.7502935535709725 0.19473692473237544
3 0.470187720177291 0.8422780490402374 0.7352478221883333 0.0845608883351808
2 0.2871797708984717 0.6036499383074944 0.0833229526972918 0.09426923658176474
2 0.27948355898621513 0.22837982803617646 0.06773432028847229 0.09483044108527147
2 0.6813207755512153 0.141462927971578 0.08561149810013902 0.058531995681063355
2 0.6725250441685763 0.2504374097729807 0.09549564437666688 0.0810077729789592
2 0.6609524177436803 0.20979262337578614 0.07961607123840295 0.06906897748246603