2 0.36566571345064575 0.3346359880189559 0.35403505261671847 0.040317905467552075
2 0.662783637156404 0.37816102095834736 0.18684755261671845 0.028627016595746468
2 0.22505612400222427 0.3514742907330615 0.317824536831703 0.03311741066333216
2 0.13500027139962326 0.3757698143661735 0.1430975526167185 0.025567718573217844
2 0.10615493458203773 0.39963900310209316 0.0851030420933748 0.01840007475773362
2 0.28481128462439004 0.4568444877668544 0.08804603157003114 0.015493596045057244
2 0.1963634346526249 0.4804680220436281 0.0788530420933748 0.017963032183086723
2 0.2846446846526249 0.48664124841051615 0.0694780420933748 0.017307468321116203
3 0.4 0.534375 0.75 0.928125
2 0.47892603469497724 0.5449393395118948 0.10367103157003114 0.01658620248167466
1 0.8172836084289703 0.6211565401519838 0.08623842079257357 0.278354228964778
2 0.7005210426580721 0.6326025025210156 0.06295502630835922 0.012182925746469309
2 0.0986099321629633 0.6234589153549092 0.06341005261671848 0.019995425746469307
2 0.41151320861249696 0.7865369776273958 0.2725120368317029 0.029948851997141902
2 0.37954287179491136 0.810187645075992 0.08197804209337481 0.01818155347041035
2 0.415170287678749 0.9123018021330278 0.5506370368317028 0.049397246568931054
2 0.3917026955994916 0.9381159031217635 0.6567050263083593 0.05370197033792863
2 0.10665286141274204 0.9432850962971587 0.08492103157003106 0.01527507475773362
2 0.21910735878190613 0.9519331126408037 0.10091005261671845 0.022617681194351036
1 0.86328125 0.99375 0.0578125 0.009375
2 0.4723461658838376 0.1326525069604909 0.3431885578783902 0.04111558096191996
2 0.5018138580054472 0.15197058951189474 0.1007280420933748 0.019492681194351037
2 0.24111928171120542 0.15648957266404673 0.09117103157003115 0.015712117332380603
2 0.14801402381869766 0.1523323143661735 0.0618475526167185 0.019886165102807673
1 0.8124482501411743 0.2058539682442418 0.07727513154179633 0.04430701089576328
2 0.3220437870434645 0.2351005277436113 0.09080701052334365 0.009462117332380605