3 0.2639821924190905 0.5056470537637467 0.06562354408725621 0.44707498789975164
3 0.3204446319113147 0.3129282886384363 0.060007692594317416 0.3220931686179108
3 0.2996308432719402 0.7223487404338343 0.08441783070981845 0.269131795081344
2 0.3309786682817754 0.5646544151018694 0.043837117332380694 0.09084316861791084
3 0.3667297700268157 0.36634418012898406 0.07442011783658371 0.23783634328594588
2 0.38284717087966547 0.5829322373105764 0.04768338317182241 0.056504530054229285
3 0.43606963191131476 0.31360097521032804 0.09009938418022863 0.3503817950813439
2 0.4820548492240249 0.5389600443939729 0.11094820767745457 0.06780564441741391
3 0.5031971477507565 0.348380496189371 0.07744656487037656 0.3034522529268663
3 0.48595075552475625 0.7179617431643088 0.10679557526193673 0.2317772408266178
2 0.5545307827641645 0.5307844509116354 0.06062042574646949 0.06282725292686635
3 0.5739520441641308 0.3089321768093344 0.10144107576613984 0.3785613372358217
3 0.6148509237296571 0.5287906797362006 0.051419660411230694 0.2439499878997516
2 0.6655064875916274 0.5197065712267483 0.09543246832111621 0.06927724082661779
3 0.6942263393366679 0.32135542963800473 0.1171317777436112 0.3349204215447771
2 0.7163316602360037 0.5864355289740748 0.06094820767745475 0.06751475292686634
3 0.7290833964902488 0.7170315440011895 0.04403349530842284 0.1829943071815924
3 0.7700240148310357 0.332738357232906 0.08402434680136181 0.3081761143631848
2 0.7624907482352892 0.5187076734896847 0.12533848960843982 0.07257495764913066
2 0.7844478757071285 0.5735451644144984 0.06933986188449914 0.05350679508134384
3 0.7912556145592636 0.7220826583643741 0.05784462303236371 0.2018170300542293
1 0.7780515021705615 0.9220872035439139 0.08068155347041017 0.08168633723582168
3 0.8229633445324479 0.3580565198006926 0.06679328813517138 0.2627818011314681
6 0.13488029239941998 0.8206493641667929 0.1059764844126597 0.10838519262201593
1 0.1813057222563887 0.33556583703942994 0.08531405917039345 0.19260565651766245
3 0.21598781678883658 0.6890362706844554 0.047464133928127074 0.2767261264634332