2 0.3545043355496257 0.7801545627722398 0.04741351087441492 0.054466256939830336
2 0.35031560676698287 0.48512266502399326 0.07155134783255317 0.0731557001845701
3 0.34519573075980914 0.2825786559246946 0.06742621642535304 0.2396422933370249
2 0.4367756660819733 0.7615664466408258 0.05579901384016441 0.06902940468807692
3 0.43090773767989143 0.30998416024363123 0.07250103558899426 0.17295544108527147
2 0.46208343631074733 0.4599445874492421 0.12327035672980173 0.11854734577334831
2 0.486219909161891 0.7254997362772229 0.05770902372599629 0.11590440468807692
2 0.5837992688202613 0.44822823257659505 0.0725700197716634 0.0981557001845701
2 0.620754076652377 0.7207948450073813 0.1290746877564411 0.10801036397194572
2 0.6843258508354838 0.4355198766242139 0.11874468281352524 0.08397208667404979
3 0.6876869782883512 0.24888146977666864 0.12728137749004845 0.2169848457733484
2 0.7954715978697342 0.4142981138242874 0.09737901878308045 0.09507027297895938
3 0.7974612263111849 0.2324473365263915 0.09628604547482596 0.22123225478036196
3 0.8662430598092821 0.22882288634182135 0.03773871642535305 0.2377398318936878
1 0.26098255684353255 0.25351052205610863 0.039630185779274726 0.0929279796419344
6 0.3007055149031097 0.8439154765596154 0.0936465237259962 0.11820738433001132