3 0.5160815707918044 0.2945428020152309 0.6834528500922851 0.038338396558713315
3 0.44482833205057126 0.3340052778147341 0.3514018136950906 0.023911240433834368
3 0.5236752228589876 0.371032579142594 0.6988775909929865 0.03530430014950951
3 0.4613161227667025 0.40575755796715923 0.3982768136950906 0.024183951206222964
3 0.4765010317737161 0.4369075640172834 0.4340140545957919 0.021268029465054107
3 0.5392837430601697 0.04215814539937265 0.7157041455887783 0.054145203740305695
3 0.4551173851052036 0.4659274435057787 0.38880168414544125 0.0225669090517453
3 0.39945886798634056 0.4935848108940255 0.27942668414544114 0.021930583916171996
3 0.46250028609265276 0.5213325609922214 0.4027640545957919 0.021086222283461707
3 0.4809103246493157 0.5509018863241864 0.4421269432447398 0.02600098126045225
3 0.35733312230527725 0.5781734343323965 0.1949515545957919 0.019877204525872473
3 0.4923298835640442 0.6164359827333902 0.6386409978405316 0.04588727614540442
3 0.4364012561738632 0.6604950549420971 0.3562895727943891 0.027063511511073203
3 0.42766780382982467 0.6870984615579554 0.3466141841454412 0.022321469356595534
3 0.4361719162606109 0.7128206242239379 0.37307655459579186 0.02091350546094901
3 0.5109821491417478 0.7397189466290367 0.5075516841454413 0.02325777634179609
3 0.47475475247323534 0.7688251845287882 0.44378957279438913 0.02757257161953177
3 0.5345974406238462 0.10310019057891247 0.7048667751384275 0.055644071226748346
3 0.5274171938630486 0.1663996212970717 0.709654404688077 0.05723384230398718
3 0.5229614289036538 0.23593087129707171 0.7026429410852714 0.06968839050858913