2 0.68359375 0.5478486093911874 0.0453125 0.27086046360606986
2 0.67890625 0.25353568321250497 0.0265625 0.3356121683207996
3 0.62890625 0.42148947063989245 0.0265625 0.3231121683207995
2 0.58984375 0.27877758581753886 0.0453125 0.25523546360606986
2 0.546875 0.6104663875129499 0.0359375 0.3422988159634347
2 0.540625 0.25372623594137333 0.040625 0.2800171397847523
3 0.51171875 0.5371038161728316 0.03125 0.22333049214211725
2 0.4796875 0.27922069561850177 0.065625 0.27805653349844606
2 0.47578125 0.5700276321362664 0.028125 0.28255994292790537
2 0.43984375 0.5959201980997012 0.0265625 0.3418621683207995
2 0.3796875 0.6190345204732767 0.028125 0.34037244292790536
2 0.34140625 0.27628624834737014 0.0375 0.22987159057054055
2 0.31640625 0.5657318920610639 0.071875 0.25803513192686933
3 0.23828125 0.5717143724163567 0.065625 0.2530565334984461
2 0.2125 0.2510401534336034 0.0375 0.19237159057054054
1 0.21015625 0.05457402998378934 0.1421875 0.10914805996757868
6 0.8796875 0.06291828029563021 0.084375 0.12583656059126042
1 0.83984375 0.6772898986806016 0.05 0.10389128742738726
2 0.7875 0.2250403480186479 0.021875 0.265081344499482
2 0.78515625 0.6056182599293066 0.028125 0.28724744292790555
2 0.75703125 0.5358344528572121 0.028125 0.26537244292790535
2 0.72578125 0.5794774449993293 0.03125 0.33270549214211725