5 0.4742434383083074 0.4611903281888029 0.05498314934808164 0.3783870799535137
5 0.5796655495102374 0.3615184740979741 0.12232283360249455 0.2129913089182919
3 0.6034435633066597 0.6930744766958641 0.017179591720169363 0.09015510643661742
3 0.0740622061652149 0.5235906832880379 0.029947967529300623 0.4640296490112643
3 0.6676890697994816 0.7887040509493948 0.0169341298696164 0.07609260643661724
3 0.6855416282447633 0.24304198968531437 0.0169341298696164 0.07609260643661733
0 0.6978635393606724 0.8593389790416527 0.02948867694751698 0.0800916915859112
0 0.7361078331921622 0.8097324629501094 0.038992136362438146 0.17751299480421992
0 0.7465415836024946 0.15273406393884498 0.04031708279171564 0.07460651609154337
0 0.7755833904163325 0.7858525665367351 0.044279654219345585 0.212215776735205
0 0.7887387662320544 0.19515115688180903 0.03893758928453757 0.1743879948042199
0 0.8196333993447864 0.7999807685142064 0.04017280681713338 0.15574725544788173
0 0.8318984310047067 0.2030839891811113 0.050311465907742915 0.20015281930985207
0 0.8767350129823482 0.6207742337332297 0.09571369480442442 0.11905563861970414
0 0.8856758161493289 0.4159938985839357 0.09555005357072233 0.10968063861970415
0 0.8813665969951752 0.1691188985839358 0.05234552434972919 0.1378713405971755