3 0.6640209798752332 0.6467230682998821 0.10024667022917946 0.38489315046753825
3 0.559079764119258 0.5031679901392467 0.126771032461658 0.6521897347764936
3 0.48454981089969495 0.2504333546988232 0.051297041699364956 0.2596295300542293
2 0.49095555291562915 0.6316560836215844 0.03652383636823089 0.18143180718159221
2 0.4085402065182683 0.5374424753085238 0.029137233702664033 0.14233294574527378
2 0.39430289561857335 0.2897453186926656 0.03652383636823107 0.1814318071815924
3 0.3459563238318187 0.2925885175611974 0.049308644364932167 0.29867384933607005
3 0.3449527311288745 0.6339311350476401 0.07019545737619808 0.37222043364502555
2 0.29368076999175274 0.2946277405320302 0.03394440564770314 0.20016362646343308
2 0.296441023290458 0.5774084242752515 0.029819195302004255 0.16577044574527378
2 0.2258557386507219 0.5676243581166688 0.07470579796757129 0.20508747579950323
6 0.8386569862099463 0.12517129692805568 0.09131898495630537 0.13175906010845856
1 0.82883964931299 0.7273559656441624 0.06668269780928675 0.1441136143631848
2 0.748716577130524 0.5776963332288009 0.04436508010002491 0.23615566861791085
2 0.735399257059629 0.25423610733110186 0.03597826708875882 0.1626818071815923