2 0.6390828707033619 0.31478158197032613 0.0275999306969986 0.22518567029858777
2 0.5916260680299077 0.2615037626604741 0.03931813335454457 0.15887225544788164
3 0.5356691587364514 0.5511018582013282 0.1450590560152719 0.12255197921687966
2 0.5197056146960441 0.2525715230520343 0.037919265356453555 0.1728254948042199
2 0.46160221335931695 0.2235288792365501 0.02656359468490841 0.13612317029858775
2 0.4421646067393148 0.5656399695816241 0.046040848026726165 0.19993429802252863
2 0.40398061736154417 0.23589248542106592 0.06773403469127164 0.18583894703379283
3 0.3901401247612684 0.7235892273752942 0.059377189369816466 0.2726833831718224
2 0.3851964440642698 0.49998783640980166 0.04229768268618086 0.146590776735205
2 0.32903516136218053 0.23533547452530262 0.026654501352635408 0.14393567029858775
3 0.3114685900699968 0.5369854558358693 0.08884541868236298 0.12174359604505725
2 0.23488571936663485 0.26153770558376765 0.033068133354544484 0.15843521287323464
3 0.23802309408813233 0.6653346949401059 0.07678177068745358 0.1583695108957633
2 0.22682996073358783 0.5084291310781355 0.05823176535645347 0.1742458831718224
2 0.16499993336249866 0.22620685694082043 0.01906017735518084 0.16213936708027904
3 0.16613790873645135 0.5252617159753278 0.05921246268299925 0.12435514381548422
2 0.12770901869827128 0.2415533514929388 0.03973630402608972 0.19480975544788165
5 0.11164657200827235 0.06869500569998319 0.03855451734563577 0.09324725544788164
6 0.8467670066836355 0.18411000822099866 0.09531359468490805 0.1409306386197041
1 0.8214633974379042 0.8271280347041022 0.07776246801399936 0.10847877153942491
3 0.7263123400699968 0.5659941567280599 0.09593613876508637 0.731118596045057