3 0.5074387535160414 0.326885385264185 0.7222386143631846 0.07089977609799547
3 0.5241490096643615 0.40871664059518514 0.361201120413309 0.049512388048997734
2 0.2272194675098838 0.4215460939688196 0.1595568071815924 0.0331044960216353
2 0.22547970550783125 0.4520330253023651 0.14240566861791085 0.03915450135263541
3 0.5058166453011768 0.47142572593095766 0.15363406010845856 0.0892817706874535
2 0.26488711827200956 0.5265694012969562 0.19425906010845856 0.08975448535963508
3 0.6108263321676561 0.5491047359166401 0.331631795081344 0.06947944271163423
3 0.5183161244203297 0.6056461845958214 0.13002384328594588 0.05932155068427196
2 0.2689655642136752 0.6312023572963199 0.20208065046753826 0.09140789202736244
2 0.5625110311343838 0.6629405165897764 0.2533795300542293 0.046695376034362114
3 0.5020184378484379 0.7214529979312759 0.11596134328594587 0.059157918682362975
2 0.24964741677119912 0.7290767832988652 0.19733860831306052 0.08197834802672599
3 0.5109798265103154 0.7924376599300033 0.1285886083130606 0.0811783693507266
2 0.2547116457921561 0.7985443986314562 0.20508747579950315 0.07113175469445335
1 0.08639291696759083 0.8606551419875913 0.08944429508134395 0.06666133601209054
2 0.2691826910698918 0.8624341759627745 0.17836134933607006 0.04269767202418073
2 0.530896895890352 0.8601700525939124 0.1908068071815922 0.03346812269254436
1 0.7091472201421624 0.16517408390359534 0.23766362646343317 0.030888562698907586
1 0.7558858647559682 0.188066143897232 0.09396816861791084 0.03859088001272668
6 0.15343757562655255 0.21304379797900097 0.128743144417414 0.10774086935072642
3 0.5093239612633679 0.27139845393063955 0.4548693071815924 0.03654076806172446