3 0.4841361039109035 0.7736256670824545 0.03027068787965277 0.09349744292790554
3 0.4853595378034029 0.15414792101139593 0.03008884992375016 0.08568494292790545
0 0.5484544834699313 0.8488396827982203 0.061447952697291794 0.09182793507002245
5 0.06808569129812533 0.40508345223353037 0.08801698480111146 0.4286387303552928
0 0.6003649823325695 0.05493982547845662 0.07216724715020835 0.08296235731976358
0 0.624470816391841 0.7882060897464803 0.07645731648875013 0.20022263192686954
0 0.6811798776591668 0.0996658205160579 0.06359364057694457 0.18401543507002258
0 0.6996883687285423 0.7604577713018462 0.08685060904180589 0.2444092795695047
0 0.7635020683886113 0.10834515364300037 0.07990962480937505 0.21443068114108116
0 0.7852992136182994 0.776022805214577 0.07605727298576408 0.18303513192686935
0 0.8579781137914584 0.07122200889359476 0.08150718597979179 0.14244401778718951
0 0.8820611915824659 0.5650424557526963 0.16697190729444458 0.13264133374611511
0 0.881475390861285 0.33826163193137865 0.18088893692972227 0.1270463052100677
3 0.10971145326597262 0.47979019975233095 0.030597996200277856 0.10755994292790554
5 0.27733144509784746 0.2889724929706866 0.239793771085903 0.2437286910658786
3 0.34556195355031305 0.666675807900664 0.029035496200277854 0.10748716832079949