2 0.3034279643866258 0.34544927313520857 0.014008999607216488 0.25959318831160266
2 0.3357137444408551 0.30114016558672657 0.016697662371394896 0.18464773538950344
3 0.35443140730322936 0.4406429963498473 0.12890885440423566 0.6740568831160273
1 0.39010826942691884 0.8876310446455641 0.05498748184962743 0.052517073863261744
3 0.4716052717646099 0.44094123092857185 0.08819295081343945 0.6577227711033183
3 0.5308893681738137 0.4555298364484589 0.023020385244031872 0.19725682954530477
1 0.5420439950300302 0.6865616481368562 0.041061337235821685 0.07570911201270895
3 0.5669495880213885 0.43380879505260106 0.038138408658961606 0.6474750178569074
2 0.5808762535160414 0.32263946997152315 0.029252204525872648 0.1942409237011061
3 0.6137836814055303 0.44002183888409085 0.039628185786324724 0.635002291395858
2 0.6551677263886784 0.30884397687138204 0.08940897540671973 0.329652318181219
3 0.6591189073032293 0.43532465625453104 0.03966454722264316 0.6412522913958577
2 0.6620757356602563 0.46417635917663036 0.013363584112563665 0.14865568831160267
2 0.6701069251590143 0.29217862825135377 0.019095433645025396 0.059702282467404014
2 0.6698781035394825 0.7343252179429284 0.019240879390299347 0.08470228246740419
2 0.6756398285534189 0.1467843076345028 0.016061337235821684 0.07527273538950338
3 0.6939524495559029 0.49017975162814836 0.030015794688560506 0.3254909237011061
2 0.7063206393492484 0.5126178133165457 0.019431776930971267 0.11751478246740418
3 0.726051877249 0.47790189407966643 0.024319264830722886 0.15197160308425522
3 0.7637109585328934 0.44990357914485823 0.03197022189067837 0.6614284237011061
2 0.7635099288714475 0.753001305605908 0.019104524004105096 0.06126478246740419
2 0.7857960785534188 0.1448615231385038 0.02080337939029935 0.08472955600635443
6 0.08036563076504147 0.8219510921272064 0.0975931383672898 0.12512845941492118
1 0.0931949672152962 0.22803745089350444 0.10093630698520062 0.16268300649282175
2 0.16063595550783125 0.45183741517968945 0.010120409444528633 0.1282886412337021
2 0.16474271428842996 0.2830328681017888 0.016161331185697448 0.09246023538950343
2 0.19880007260149046 0.20275898701435652 0.013136325135573213 0.10959318831160267
3 0.20601208802138857 0.44010898255012953 0.1305077158405541 0.6803341566549774
2 0.20876386241827713 0.6384782987027539 0.020767017953980903 0.0784795560063543