2 0.685632805928752 0.5789087266264339 0.04033744182452992 0.17107391762490742
2 0.6527243242656414 0.6698857496706933 0.0251272878817268 0.07976541244111104
3 0.6328125 0.60546875 0.203125 0.7859375
3 0.5432378829001536 0.6114396796894435 0.07027874396026004 0.5568747165881481
2 0.5197040144231814 0.8172604527337028 0.02888975879399176 0.16386701036759277
3 0.4417391557789709 0.6033353623000919 0.22263769578672948 0.7889435057494442
2 0.4069983965259373 0.3202788545243974 0.021364559093554013 0.0716795103675926
3 0.31452295153660537 0.5937567278042124 0.1379120094222115 0.7582608508012036
3 0.2500937897178946 0.5741578358154625 0.06447579880175036 0.3717574228087036
3 0.19846751683907732 0.5688654516024071 0.05306006667959782 0.34593721658814813
3 0.15302850258507386 0.25927583812453675 0.0332904742462448 0.1037497165881481
6 0.9150346818225902 0.19640575080198902 0.12713606909549355 0.13212757775694425
3 0.96484375 0.9890625 0.0234375 0.01875
1 0.9188912003286575 0.7567773228094891 0.12755039940087515 0.19421747464666642
3 0.8463318345574452 0.39051804429860953 0.044514243042176105 0.31726541244111106
3 0.778125 0.6078125 0.190625 0.78125