2 0.3665033470534634 0.38322715309981686 0.03730289406758569 0.1314136264634332
2 0.4511614783837004 0.6781311078220812 0.04468905917039336 0.1923693071815924
2 0.44000083121402156 0.4180157644379395 0.05598719209011449 0.17525453005422928
2 0.5144545279957129 0.41063960167376107 0.042984447537995865 0.21266362646343318
3 0.5072818943196873 0.20755550828961938 0.04708208565349707 0.15958407825883122
2 0.5566902125442585 0.713106071521336 0.03937884629715871 0.16110112646343316
2 0.5579695812140215 0.4187020865484506 0.042394585653497074 0.1595568071815924
3 0.5533974236527823 0.23047083352338849 0.05511310694082035 0.1627545300542293
2 0.6535434332111635 0.6910225141433519 0.039968708181657674 0.21420794574527396
3 0.6504745194457381 0.245092390606785 0.10163818169855414 0.24736587939029936
2 0.6665304802252858 0.4411997761454044 0.06531863342392405 0.13001475292686618
2 0.7413883685928884 0.4619395230221464 0.08527050050420311 0.14731133723582168
3 0.7333087987788331 0.2682213392789251 0.09610944753799586 0.21297269867214014
3 0.7997635973055648 0.4591554114876321 0.04355289406758569 0.13144998789975162
6 0.19648432208296907 0.8554829064194666 0.1206616972858944 0.13970791549465283
1 0.19497827229572967 0.29788857503737737 0.1041076178365837 0.23800906010845857
2 0.2751081687091039 0.3381822978118184 0.04101775595208475 0.18453862646343316