3 0.6940337585220844 0.6767881450685875 0.1181886958601039 0.38904256784239594
3 0.5824189844521677 0.5285376735627185 0.15718495395798088 0.657212713703953
3 0.49611001847083924 0.2726727758921392 0.063404262247062 0.261667840343633
2 0.5203119159906171 0.6536771144267499 0.044984303738910825 0.18288774310259512
2 0.4335204657808357 0.5557508695151325 0.03577432448483524 0.1434976944820761
2 0.40772294730999636 0.30772612731704874 0.044984303738910825 0.18288774310259504
3 0.3595222456503225 0.3083126255080264 0.06323924150113758 0.30056656603337356
3 0.3744549643309432 0.6491456654221182 0.08755400249879974 0.3749867118949304
2 0.307356094405567 0.30791315581117973 0.043280093780867016 0.20147396879233562
2 0.32331759420507433 0.5904390507682257 0.03755031203728052 0.1669351944820761
2 0.25229469918409614 0.5773791287873868 0.08426029129135611 0.20829053482570892
6 0.8442729861025529 0.16408118441685238 0.09744553029369421 0.1358356806872661
1 0.8625721162003985 0.7649919092020817 0.07339272365499809 0.14702548620519007
2 0.7754837454498299 0.6118016321782888 0.055378274694616536 0.23790279172311415
2 0.7470688672260838 0.2881594142904644 0.04356351369695446 0.16413774310259505