3 0.45355717219117253 0.3186552619350939 0.6720185551888033 0.09212024809035953
2 0.4317637599487549 0.389939915937321 0.08503877344521679 0.05094542934436319
3 0.5977672682471247 0.4036195132479585 0.22554537427505378 0.051019249363453055
2 0.15499942779024992 0.42672448997454665 0.09877123195336797 0.12916133601209037
3 0.2835621356737012 0.44005918929027477 0.192639631123531 0.131814716024817
3 0.45416971098372894 0.48568822059995764 0.12111982863402009 0.13566587468172653
2 0.16838557633571302 0.5178943826384559 0.0638275468904335 0.10065452800763594
3 0.29359814127277856 0.5445376039545021 0.1892060551888033 0.086502216024817
3 0.5867911116037845 0.5793734912476403 0.2911703742750536 0.051782865372361896
2 0.15127966409329544 0.5891244926400466 0.09796574855010749 0.09792951734563574
3 0.2845531827646274 0.622698966621593 0.18338118506293438 0.03023403469127146
2 0.4152228423077526 0.6391313939370029 0.07613737012586892 0.05708634134309047
3 0.599846296042019 0.6440081559118677 0.2888741684661948 0.062684002705271
2 0.41284228089517205 0.711751281269912 0.08875576929603177 0.0587942920114541
2 0.14836538379960143 0.7202926766390922 0.09782403859206376 0.11666133601209036
3 0.28160393628911234 0.7234256726209567 0.18870914772027056 0.10054653469127164
3 0.5784313920979712 0.7308996285805494 0.31112767676456465 0.04733172270845252
3 0.43243180786487373 0.7622598112667303 0.11486798340326043 0.03255905601527189
1 0.019707756836866274 0.8140983153246367 0.03941551367373255 0.07267497867599956
6 0.13237110165502958 0.18969720464672818 0.12850535352912934 0.0889181440165447
1 0.645237954559459 0.18919338657704957 0.22736798340326042 0.03386811203054405
1 0.6638453219860354 0.2217604385741861 0.15113737012586875 0.05795904535327177
3 0.468508588582775 0.25525583326704854 0.4047825883822824 0.026565784054724696