3 0.6507266200634495 0.43922418861123613 0.09997032829993699 0.6765622421240922
2 0.5861284067239384 0.43748608755306934 0.06050596878180681 0.1264666472748434
3 0.5752529380269497 0.23582786376586654 0.04546630054030487 0.23118609818322886
3 0.5568525905745367 0.6065867739175873 0.050734153898349635 0.2035712812137671
2 0.5359820737843138 0.4680662789185572 0.07180556733052797 0.09311201333591956
3 0.5391616706037545 0.22085643907027808 0.04426589908902621 0.19681109818322887
3 0.5120113165279196 0.6414080551313543 0.06519844718226046 0.26084164727484327
3 0.4624602390305908 0.5434008608909286 0.06432542794496676 0.23584164727484325
3 0.4563665287711226 0.24942759134609122 0.09492066351699649 0.21964256242753405
2 0.4268253285936373 0.4707444819529747 0.0618849303072194 0.07672173879011232
3 0.40467996616510005 0.65873868952932 0.054444485656847875 0.3098212812137671
2 0.3945783129845407 0.4126129886209345 0.06248513103285873 0.09390923879011233
3 0.3848635510036411 0.26694967331846253 0.0351637176006804 0.20385832363742162
3 0.3644939649839737 0.5825586978642697 0.05089784500534211 0.20825878121376712
3 0.3576190047245054 0.28864920119824966 0.03280260943331239 0.22547823212215262
2 0.3502008304077358 0.4341530198347015 0.05607143992586625 0.08871155575957416
2 0.3312846501005165 0.5073672502898641 0.0533829495445131 0.10095646424430527
3 0.3296130558129645 0.2652275477144886 0.03220240870767297 0.20829073212215254
3 0.30684266689073947 0.6495865722602957 0.06032740870767297 0.21058655575957416
3 0.2771328965571374 0.27340658059524553 0.03587304573098153 0.22417082363742163
3 0.25412938385844763 0.5752081966563217 0.06043653611233468 0.21371155575957418
2 0.2502653177938641 0.418160971202129 0.11829862141421196 0.08600088606495557
3 0.23469985989664854 0.28388156605137793 0.050952408707672966 0.20982128121376703
2 0.19915917478010575 0.36468502696170313 0.052911723591130146 0.13207891848667064
2 0.189642787123825 0.5033489142346068 0.07580358656782157 0.11836710485118865
3 0.16311002505810746 0.6831320090838557 0.05404269237293695 0.25369882697140156
1 0.1609424452833438 0.09826267256955652 0.11949902286549081 0.12037588606495561
6 0.7861854927436058 0.10720930087929059 0.11730160580511537 0.14668329454968654
1 0.7537995124442357 0.6107647355768187 0.08354665389834963 0.20624974212409236
3 0.7132340545470202 0.4785260625482202 0.04836813356474749 0.5819833236374216