3 0.7086418547393268 0.6060085630557539 0.11586136249066037 0.7076846963664577
3 0.6577842810053337 0.6539519844173624 0.04847935751133718 0.4051657321221526
2 0.6204879493082458 0.774535680324778 0.050134320820808397 0.2466835524255945
2 0.6019228759271885 0.45578568032477806 0.05072512599777568 0.33692591515269077
2 0.544930152306135 0.38504287456520386 0.05049834186749571 0.25293355242559434
2 0.5676737624483079 0.7888853516863866 0.08036785239083954 0.2584819218206505
2 0.45167297596954087 0.39920135622831443 0.038437957624276466 0.28616064060688357
3 0.46487571516384846 0.6926324918342281 0.06149748407381015 0.14808655575957416
2 0.4228463808359246 0.8120523004687403 0.02935138396087069 0.2636479118187108
3 0.39777443124533013 0.38158355046874026 0.05441156811938539 0.3201210524255943
2 0.33502380226378264 0.412227901526907 0.03193035239083954 0.25452800333398
3 0.3439639756871921 0.6858726956175516 0.07712248407381014 0.14936201333591956
1 0.3025620998305908 0.2019760566776581 0.08669490514873246 0.12681733363936135
2 0.3022946022496652 0.42432941773776456 0.03956084186749589 0.2520407321221526
2 0.2953661229434168 0.7993135712215256 0.044217520764338755 0.3052932778797871
2 0.26898157331047 0.4130572068274393 0.030762694540684078 0.20778054909161447
3 0.261780078219206 0.7833538603112004 0.04605303654935424 0.3101083236374215
2 0.22204347305635622 0.675142876522058 0.030793515643841207 0.15491064060688356
2 0.20178636803468075 0.420790216370337 0.05730978398910551 0.2363837812137671
1 0.8944637756024875 0.8194486650320044 0.050604757680746106 0.22806109818322895
6 0.8104123971856374 0.2574271550300648 0.10800846302712266 0.14566292848861026
1 0.8438036229434168 0.8440821321512477 0.07278359456891899 0.1816643303053816
3 0.7708002204961074 0.6452940747246834 0.048357531146508134 0.45647314060688354