3 0.4507867305509805 0.315232864747138 0.12598264586155708 0.02676036397194572
3 0.5990471681356515 0.36217081662975115 0.2780165366347315 0.13461004163898185
4 0.8194415552907813 0.3496150501291969 0.14659611827193722 0.15266152991878953
3 0.3040622167561706 0.3873453015134729 0.24018898801421243 0.1259569324473982
3 0.4430816146538925 0.024806184454595596 0.5778726944820761 0.04961236890919119
3 0.38553130201142105 0.5059765831303055 0.3687234237898611 0.1419800555186425
3 0.7668466632744115 0.006863208670172543 0.05550637155129756 0.013726417340345087
4 0.804482697872978 0.49794192859911207 0.13212418249628827 0.14394786397194573
3 0.47696188545764906 0.5753693283499435 0.16644387155129756 0.026238732262828003
3 0.6494034514910226 0.6050802074381675 0.3440642605154496 0.08745324182355212
3 0.26445191937884704 0.6336683914267252 0.09669793758467105 0.06225777297895938
3 0.8932729601974498 0.606697562467698 0.03190509724103805 0.014502590992986342
3 0.7623605591359686 0.023262103645254592 0.04128009724103805 0.015103368290882352
3 0.31698045510906725 0.7235831901624209 0.016519114653892508 0.04777616594684382
0 0.5274233101520214 0.7155845157345871 0.08681832654882307 0.11145673658176473
0 0.6368392537295863 0.7093566972591347 0.09010710085908258 0.11478199568106326
0 0.7719955037295863 0.7006954912144684 0.09660276232447185 0.11987001387966068
0 0.40118835877254033 0.7299450092561821 0.1047494549975255 0.09703329117755662
0 0.8944437138154946 0.7038228863418213 0.0927407779283044 0.10560725478036197
0 0.39762734678675277 0.8414832865540781 0.10721935775648764 0.08473355027685514
0 0.5167867825624015 0.8416859407807298 0.0864155348257091 0.07405686613141427
0 0.6468018311829206 0.839625188159836 0.09077548620519008 0.06810725478036198
0 0.7632899683380503 0.8337280367109615 0.07843926051544958 0.0704312183831675
3 0.32422746833805033 0.8618644401624209 0.016846663274411533 0.054026165946844174
0 0.88759060549318 0.8273302375138407 0.07251680913596843 0.07628070018457009
3 0.32983134215265536 0.07136055367294121 0.35138543758467106 0.07857888957179862
3 0.584969221505869 0.06363318708010186 0.03058825870642732 0.0190899614433371
3 0.605623637493814 0.18851327113325797 0.3256152329258297 0.21085116902916287
3 0.3076365168470277 0.2162317651162783 0.2967532485296619 0.1949863371354751
3 0.424747694482076 0.004871565393133502 0.07910764586155708 0.009743130786267004