3 0.3413521448936575 0.4706720083657759 0.18948163261994252 0.7193760355889942
3 0.48726403846716676 0.4709691442216003 0.12054977619345202 0.7103246877564411
3 0.5691756165221277 0.5253754599252003 0.04492267273646213 0.3639006739162767
3 0.7222240601747791 0.49494917779624714 0.03468855172849494 0.17308467292769336
2 0.7683870401830264 0.7856895829294436 0.01744356426490725 0.06313666996194378
2 0.07860209230723277 0.4899618137264337 0.05016513605166191 0.061348676882026075
2 0.07606079935422647 0.7382083127378506 0.05494356426490725 0.06466467787060921
2 0.11571095038307613 0.3409685568063515 0.04896634890464333 0.0737850098858317
2 0.12576556347348444 0.2367758053234767 0.05218227711788872 0.07703734387822055
3 0.14238344748008225 0.47019580038056086 0.1557431301126601 0.7398503616727178
3 0.2319687847062431 0.4485980315974805 0.04541808089144768 0.5418346729276934