2 0.6787268415851472 0.49785774355250806 0.11850634727034208 0.11164974025173784
2 0.6485641155450192 0.20902038649889382 0.18440436305535748 0.12131000539858476
3 0.644236262448308 0.7005692690723173 0.07487671558737148 0.21723596680652085
2 0.576519599477655 0.5079566391981862 0.10342737884037305 0.11984074855010754
3 0.568455012448308 0.7063116288252239 0.0938843208208084 0.2497883576783142
2 0.44982059158514714 0.5152032219813911 0.09332433674699843 0.10663035352912935
2 0.3512920863234753 0.5210998697016616 0.11271137357870131 0.11898864357108571
2 0.2671776076525114 0.23556603401867166 0.14525085779368574 0.11678752614450919
1 0.17077085744074988 0.46651022593008334 0.07343312585660136 0.4862460759347277
6 0.8351393814006218 0.12504443773900487 0.08311487884037305 0.11830155933798818
1 0.8456776651073786 0.6562711269511242 0.07105449459715381 0.15161096680652086
2 0.7831490310759209 0.471897049566504 0.09975634727034191 0.11022895020978148
3 0.7803788887990194 0.6533721925128896 0.08912122611071531 0.22142655933798813