3 0.6708636347373295 0.5702716660312506 0.14048193089239422 0.724166158244375
2 0.5987512292356613 0.31747201472072967 0.040850326082480314 0.2459307490500695
2 0.521570019051136 0.6755377814382296 0.05770316809115048 0.34774782218833344
2 0.49624785551578565 0.27753538611163237 0.039014810297464744 0.24120688145888894
5 0.34574586852879097 0.12148214181121557 0.12454351564384121 0.15581620174736122
2 0.3051021268448217 0.5641053996950003 0.03986467875566859 0.20221711664125
2 0.1952497137329944 0.6100517196991321 0.10445779977412109 0.23960932028847245
1 0.1594142554028462 0.15078451605190984 0.06896137357870132 0.11239220364722229
1 0.11436300575578202 0.5213327521842015 0.062133062857713514 0.31664329255305557
6 0.833177979094487 0.17428963164632014 0.10837248407380998 0.14607752583555564
1 0.7614985270848181 0.8274139784359382 0.04708637357870131 0.11188305737069441