3 0.35048844952000724 0.485985918726435 0.11170448350911269 0.7415042315135615
3 0.4587992913875031 0.730525603026124 0.05778022084904322 0.21670165258848365
3 0.46416599971765127 0.27084749516185114 0.11610793131591741 0.2823868367469983
3 0.596713189208425 0.24509779528890804 0.16719999445597936 0.3040490051204975
2 0.6613118284309675 0.5062936295462448 0.5148646787556685 0.23086619425833543
1 0.7066661859423047 0.9081445558828388 0.33451077886860786 0.10201461021276045
3 0.727640296649175 0.716435198018566 0.06900614718563744 0.19555469468185827
3 0.7218419918251435 0.25348787698599606 0.058037826082480315 0.24786064732681182
3 0.7868787887566672 0.7106332480750358 0.04253465244730918 0.1955701052334371
3 0.7776901734234094 0.22985368493497357 0.09210898919430761 0.2981182525602487
3 0.8869888496894165 0.27600907714128786 0.055216662970653016 0.19942314732681182
1 0.9216240570313442 0.8572135745104518 0.1260458314853267 0.10544490514873246
6 0.2436887728304773 0.8865081054451984 0.10755343671876343 0.13551183674699843
1 0.23902251557325407 0.2141934896884178 0.05021137357870131 0.11348564732681181
3 0.28637274161338205 0.5022626370858168 0.05761070478167909 0.5078880947100932