3 0.5408836931795714 0.3343521067393148 0.4004909237011061 0.03277942138763388
2 0.44142916395857823 0.3644385013924064 0.20531479139585773 0.038319254694453256
2 0.6954172345754293 0.3720804680935411 0.17069432954530478 0.02385676535645347
3 0.2998553185849609 0.3979402500397709 0.2317409237011061 0.030815837364725863
3 0.6852570304355139 0.41648444875872304 0.3100295649348082 0.04109990404199806
3 0.6038121615229463 0.4491236787475872 0.14267842370110612 0.029779501352635407
2 0.36732523660402416 0.4596504567154523 0.2333034237011061 0.030834018698271314
3 0.30885421752930065 0.46599990670749813 0.21493525324641088 0.05249084269572588
3 0.6737349236978109 0.5171111574235867 0.27970686525911964 0.09386127737108918
3 0.32478495494739895 0.5731947887094071 0.24424092370110612 0.030961288033089396
3 0.7177809784863494 0.5793298940960865 0.3349750178569074 0.03826580537872513
2 0.7517292844927037 0.6000332927673135 0.18174092370110612 0.03023403469127146
2 0.40958269480112913 0.5983953307208612 0.1943772913958579 0.03819198535963508
3 0.5956798818949159 0.6544560687459964 0.14306025324641086 0.051654501352635405
3 0.3445810320570717 0.6780913740451797 0.3014727711033184 0.08786581604072552
3 0.7203992382255819 0.7293298940960865 0.36687958279171545 0.076129432049634
3 0.34433734455624787 0.7983766020448616 0.2698409415580135 0.06562718936981646
1 0.1029720048646734 0.7979113360120904 0.0761727621748646 0.06806020401018138
3 0.6094129196373258 0.8147395880808144 0.13592959172016936 0.09062609468490841
2 0.43280555518898495 0.8548635067234065 0.21951365909060955 0.04629538669636233
1 0.7013597228076016 0.13079239676158655 0.2538341120127088 0.04357037603436202
6 0.14935689204448094 0.14389654535327182 0.1219489123370204 0.09514996268299925
1 0.7200239480508352 0.17084523209735916 0.21022047970746058 0.05087379869508961
3 0.5638245409888207 0.21667425807604196 0.4833034237011061 0.03374303206554243
3 0.5360092325468343 0.2788379034054512 0.7232114034085667 0.08496227609799548