3 0.4505592698347015 0.38878444168505116 0.7467471963664577 0.10949516376817633
2 0.726117379227818 0.4235769344463408 0.13813747091226497 0.09048806699689198
2 0.6072398334701834 0.4196085643062957 0.11600737939699571 0.08634422249741007
2 0.5032060377125489 0.41633155293375623 0.09336710485118864 0.07595037799792799
2 0.3836110148337316 0.41154554549015804 0.08424719636645772 0.07863873035529281
2 0.2600459690760971 0.40735885152879536 0.08501247091226487 0.08801373035529281
2 0.6456965555903963 0.44806320409104805 0.11211710485118864 0.07682367328319835
2 0.38287769119631 0.4397433200972639 0.08230205909355401 0.07387845574818712
2 0.5037801225598582 0.44772710214796785 0.09285692182065049 0.06970037799792798
3 0.5054543218012537 0.4752527886657325 0.6212370133359195 0.09742319519970781
3 0.13247933634512138 0.5002290940851972 0.11454073212215254 0.0302397717116218
3 0.5108276058899588 0.5343195736119206 0.6213009151526908 0.06006874441391954
3 0.45746374770479026 0.6212352227022977 0.7492981115191484 0.14074516376817633
3 0.4531432963373628 0.7221984092200625 0.7457268303053814 0.09699516376817634
3 0.45046496436499134 0.7934377084342741 0.7435266015172088 0.08910988916107047
3 0.47528730029956245 0.11467485359570992 0.7697381572767827 0.14325373366055255
2 0.22165237514493205 0.18598896567298445 0.10216802000387934 0.10749147642635144
2 0.221126345598155 0.22125437758364325 0.10844997091226487 0.08910534946188076
3 0.4675868863548197 0.25704429011347457 0.7911346672787227 0.19561675433871697