3 0.32811118689949004 0.3518492775994354 0.08943010424157345 0.3089034415580135
2 0.4228836105566655 0.6123134448077198 0.05034989745537004 0.1475295649348082
3 0.41055324853939756 0.2925094594182164 0.06333791300675884 0.17115797970746058
2 0.4334322568807398 0.4556407049539895 0.03865097983046262 0.12080342370110611
2 0.4609127079174991 0.4567259180223585 0.03742067049962934 0.1067409237011061
3 0.4653870114988883 0.31111340909390484 0.067459485014259 0.1291068474022122
2 0.48883265636236023 0.45389124432125244 0.036678376720185035 0.11608865016215582
2 0.5374635204058784 0.6251798632338201 0.04255652130083298 0.18327615016215582
2 0.5298875918477306 0.43126622200011805 0.06394350574944418 0.16024775324641088
3 0.5180144340247679 0.26872531169169256 0.06333791300675884 0.17115797970746058
3 0.5992438931200456 0.3565059553610266 0.06632479491074009 0.2944591120127088
2 0.6230982240345359 0.6291622053610266 0.0371855161170366 0.17538182954530476
2 0.6881176312918507 0.6389814902640627 0.04646206277120317 0.24574887662320535
2 0.6882961226676845 0.399550797488233 0.04447033581546265 0.20515115016215582
2 0.7463299639497671 0.687259303170276 0.05038814514629593 0.21929547077900685
2 0.7348095377006937 0.42142975162814833 0.06515469123481452 0.13842730032431164
3 0.7262076428372216 0.2783928177807725 0.0757600005656478 0.15265344155801355
2 0.8058225411410636 0.6517933616122623 0.038825928558147635 0.19413182954530478
3 0.789029563054027 0.3078115365311844 0.05636616013203692 0.09147047970746058
2 0.8115183006601843 0.43965187175853204 0.10158020678620332 0.16246481818121908
3 0.8230436866166662 0.26731322159637627 0.05429510367592556 0.15695911201270887
1 0.8750099129602761 0.8344598112879508 0.061053660132036926 0.09155230032431164
6 0.29126033807805396 0.807091931008002 0.09788927879370349 0.12027731818121908
1 0.26576772031134194 0.3278993088490235 0.08843494929333291 0.22620003571381497