2 0.699646016148819 0.4432990839035954 0.018246079406528004 0.24702045066836362
2 0.6949545968865272 0.6448615839035954 0.014318379559027861 0.07827045066836362
3 0.6963372185617704 0.551901924570368 0.06004268084888942 0.7005090773392725
3 0.6509701671749996 0.5547729332431859 0.047615416031250746 0.7034886266709088
2 0.6508273096518051 0.42668429591027685 0.016573170212222266 0.17514545066836362
2 0.6129454499444094 0.44352689791536754 0.02118924145062522 0.23924431333545454
3 0.6055849319926384 0.5584251919160039 0.05401088639597287 0.7098113520050905
2 0.5701585379003122 0.43621438458786727 0.01969947663298619 0.242351132001909
3 0.5611082333794093 0.556599609922049 0.05390178362243123 0.7051238520050906
5 0.5615524829981596 0.13483369792332173 0.10585256933854179 0.11838746801399935
2 0.5228653106017358 0.45472857459423055 0.0218802256830557 0.26893181333545435
3 0.5174309685617704 0.5539836872613215 0.053574475301806146 0.6910613520050907
2 0.4199942305296177 0.47857570194145727 0.05418488582729193 0.3146079400063634
1 0.38647974781579847 0.13999500728041153 0.17496624525034737 0.13481244668999892
3 0.3611446009705898 0.557364320615866 0.1875130642076394 0.6738749466899989
1 0.26970982190399295 0.15697451662954717 0.0714775693385418 0.11798747867599957
2 0.24072299819704815 0.5634517832988652 0.08773126975472278 0.6820863413430904
3 0.8281327324294787 0.5269371925525508 0.03307360524208356 0.3471659013367271
2 0.8121622403132633 0.5419627558880051 0.029657664512639313 0.3346295386696362
3 0.7562752630146871 0.5605769432288684 0.07610409194305615 0.7194408906747268