5 0.733892249962819 0.43024431141081154 0.1846827006080222 0.1692338052100677
3 0.50078125 0.5234375 0.8046875 0.95
1 0.08558078946896489 0.6082556098009629 0.06698054745199238 0.22769266046291675
2 0.36710536209264716 0.672245450990676 0.09725700197716627 0.013887025640563166
2 0.4846947687087182 0.7254689584342742 0.18182300296574957 0.02250435442427943
2 0.5393849273019556 0.7663700942900851 0.42538200197716625 0.029169693132793207
2 0.7523531595074585 0.8608243773742462 0.09738433596955502 0.017012025640563165
2 0.24103365753029213 0.8464020808506308 0.0755730029657495 0.01755568114108108
2 0.7772603176064043 0.9026865456950459 0.07713550296574959 0.01762845574818712
2 0.46681756612352954 0.895272036184533 0.08957183596955502 0.01664815260503403
2 0.2404487257053501 0.9183862427612898 0.10044566897336074 0.015595074854774894
2 0.512132724716767 0.9357365243977089 0.2660070019771664 0.021746683207995686
2 0.6291637158195184 0.9834548945377541 0.1820140039543327 0.027191854424279426
2 0.35524871334806046 0.982438088294229 0.36001166996194395 0.032363159634347126
1 0.77890625 0.99296875 0.0296875 0.0109375
1 0.8176119698482133 0.18132096794478686 0.08557935574121842 0.11003427956950458
2 0.8211043843729497 0.1916591544625515 0.20050933596955503 0.021815149709549786
2 0.454443466388172 0.18084350909622793 0.434884335969555 0.032731340775428386
2 0.23826270946808986 0.20364950061917253 0.2348843359695551 0.0234161910658786
1 0.0722557074909235 0.20531039226595166 0.08207235376405228 0.1005137303552929
2 0.5261473700384937 0.24601905293375617 0.14126166996194378 0.02217471463952716
2 0.3816161200384936 0.23928740177646435 0.12538200197716637 0.015196968568468616