3 0.6953125 0.5884880633065042 0.0890625 0.7083165187830802
2 0.68359375 0.29894806083504627 0.01875 0.1257640039543327
3 0.62109375 0.5893701309872706 0.0734375 0.7092423488211365
1 0.58515625 0.11915579007479962 0.053125 0.0584146778706093
2 0.57109375 0.8092077871090501 0.0125 0.255196835969555
2 0.5609375 0.5197314516337865 0.015625 0.15376166996194396
3 0.553125 0.5928506166528146 0.06875 0.7028013478325532
3 0.4765625 0.5959809338392894 0.09375 0.6975700197716634
2 0.46953125 0.6761631823564146 0.0125 0.213009335969555
2 0.45859375 0.34056126338305387 0.0171875 0.16320033695813835
2 0.40546875 0.7180840855124446 0.015625 0.09438666996194396
2 0.40078125 0.5577368345238615 0.0171875 0.18195033695813834
3 0.3953125 0.599701500037181 0.0625 0.6900466798477758
2 0.3390625 0.6177219881741829 0.0125 0.166134335969555
2 0.31875 0.32939431722365586 0.0125 0.1380093359695552
3 0.3140625 0.5979533162350726 0.0875 0.6879403517868858
1 0.9171875 0.8061225267661077 0.078125 0.14537084980971962
6 0.89375 0.20048002182319197 0.1046875 0.13082818874502422
3 0.834375 0.5933731759678051 0.0734375 0.7092423488211365
2 0.790625 0.860340500074362 0.0203125 0.0883276709505271
2 0.7828125 0.7178346650933902 0.015625 0.08344916996194378
2 0.78203125 0.5443653315952929 0.0203125 0.1930151709505271
3 0.76875 0.5852304121276406 0.0734375 0.7061173488211363
2 0.7203125 0.8699754852456145 0.0125 0.14425933596955504
2 0.71328125 0.6423452337627398 0.015625 0.22563666996194395