2 0.5667949332706357 0.3332734335570147 0.2705963428896375 0.053132326339101164
2 0.27207268228205256 0.3293909494586393 0.3354573389353046 0.03629181881725376
3 0.435660338403832 0.3842101447606435 0.3229573389353046 0.035928105964272386
2 0.2895374134989722 0.41906721489804555 0.2549713428896374 0.05267768527287444
2 0.6174740711036264 0.4716288913954312 0.3420893409124709 0.045848675243744454
2 0.2601881531188489 0.46749034303214854 0.27978034190105416 0.0487176109788372
3 0.5410415636892527 0.5046028642775425 0.2231483399238879 0.03770590314042081
2 0.28036139026726764 0.5290870725781774 0.27767401384016444 0.07362668276559177
2 0.5708272227767817 0.5414496464099962 0.28239600593149916 0.036308539192082635
2 0.5935816318643107 0.5780918400626478 0.3417073389353046 0.03647367524374445
2 0.6114429525108266 0.6388391234487425 0.34020850593149915 0.037990711137121734
2 0.265351861104064 0.6670955379384413 0.22965300790866544 0.04413775956691133
2 0.5526144391649538 0.7004836656103259 0.2576161818249421 0.07928564937949716
3 0.5517748393552342 0.7786768617702601 0.2526740138401646 0.072899257059629
2 0.2288493339180267 0.7950925058059877 0.19215300790866544 0.04304662100796719
1 0.04316909087528996 0.7915259219450392 0.08633818175057992 0.1455518438900784
6 0.09041014129303185 0.12308581050398355 0.14250051779449716 0.0884213054894186
1 0.7098803828900749 0.1810015428864993 0.10203734387822046 0.052909702823851615
2 0.25306003851756276 0.22011523785929907 0.26495383794672145 0.029558434019233103
2 0.6334332880232711 0.23352949782192195 0.28708350593149917 0.03644493151195061
2 0.5611935320917721 0.25958588097058993 0.26520850593149914 0.0358084340192331
2 0.6021076921678843 0.2920634118494023 0.33252333992388794 0.040888390604008326