3 0.5299606408299603 0.2852003500206593 0.6818500178569075 0.050231269754722786
3 0.4605288023562017 0.32586302403260375 0.3503818295453048 0.03002134042444471
3 0.5411242374213936 0.3614719092912148 0.6974204707790068 0.04746994566652836
3 0.4803679695644861 0.3972470615516663 0.3972568295453048 0.031112368159861424
3 0.4970099987854793 0.42809701804868017 0.43313978246740403 0.028823822757014207
3 0.5413965673704401 0.03299237832475686 0.7133727532464109 0.06598475664951373
3 0.47697418831489796 0.4574578629384371 0.3878545560063543 0.029331662612778153
3 0.42259065138326707 0.4860562948341663 0.2784795560063543 0.02678593123013915
3 0.48694347768216095 0.5126720398001732 0.4018897824674042 0.02809647093340324
3 0.5067377804421045 0.5418867611148259 0.44103410308425506 0.03369316071291699
3 0.3843991302799487 0.5712859332269093 0.1940772824674041 0.02325958130638899
3 0.5212172918061901 0.6071480852030204 0.6366738855516593 0.056989109610486643
3 0.4673286327155807 0.6521345833031593 0.3551238766232053 0.033255443197986345
3 0.4598337325534249 0.6788607374634719 0.3456670560063543 0.028349737650903074
3 0.46953996916074436 0.7044055981207983 0.37220228246740417 0.027405486700972405
3 0.5456251822291133 0.7299673361529508 0.5066045560063543 0.03209559954250043
3 0.510745621758532 0.7596736731589232 0.4426238766232055 0.03529202830409765
3 0.5395516493513769 0.09364862965593705 0.7024625267853611 0.06789154844007003
3 0.5353220710238882 0.15700261483829817 0.7071773003243116 0.06956315121361172
3 0.534108398540598 0.22653386483829813 0.6995829886359143 0.08188131325770893