3 0.6140072732942067 0.6340623137753467 0.14689044662978254 0.30608194198043537
3 0.5467710221625529 0.23764161105980622 0.060802460424592655 0.2387586631118273
3 0.5049222003634282 0.6497621794615402 0.09293993102595036 0.31695925782192075
3 0.4146214269576799 0.6339922372693434 0.05191213930283638 0.2771841262801244
3 0.40906630427472856 0.2495563240869289 0.08621854025277606 0.21843075256024874
2 0.38130871721045584 0.42252338722699107 0.6578678109449909 0.15826169411716115
3 0.3309900554063823 0.6544405161379514 0.12665983378491238 0.3064613735787013
3 0.2480613687262224 0.6912040397448875 0.05477818973237767 0.3318716262801244
3 0.2653163042747286 0.25792880816073904 0.03580910447712728 0.2077060841867496
3 0.2197581428093393 0.2652554607492227 0.0469103787873868 0.2114681210184525
3 0.19546199118203106 0.6545454739034022 0.07189044662978258 0.3017136894201865
3 0.16375380427472855 0.2638441501694092 0.04830910447712724 0.20843412628012442
3 0.09886911069716367 0.2684021185287909 0.060154007236089234 0.19666216837349912
3 0.06799541044933645 0.6643061527296579 0.0755067695605611 0.31127069994353035
1 0.051052408413171525 0.2891010263789464 0.04796826775153882 0.2613771157567807
1 0.7253608531223902 0.6493849349349736 0.08960248982323478 0.16410727360693614
6 0.7542670188831926 0.09782243493497358 0.10630531094499104 0.12613683674699833