3 0.37092348318567864 0.5389707744583789 0.18510110887781667 0.7790804901980554
2 0.44525855644149315 0.7412454654103696 0.10760984577334831 0.12749886635259244
2 0.43583018506829185 0.40015157370444365 0.08938147748246603 0.08550685598499985
3 0.5806792149870814 0.551107063902499 0.30294994293097266 0.7754072689917588
2 0.6279490314599491 0.34315715433610994 0.09951794108527139 0.07396376324231468
2 0.6434960834348473 0.23420181936911916 0.06362001387966068 0.09568293836009242
3 0.7563102706626074 0.5641421805379153 0.11793459283868764 0.7250382476909258
2 0.7840206677925452 0.7662220903871282 0.09370803207825791 0.10453025805851848
2 0.7808120180417137 0.4373254023098596 0.08216975478036197 0.09419835080120365
2 0.7758358189368778 0.3475500028282393 0.07395673658176456 0.08726484561740726
2 0.7729530459579186 0.2540734049017578 0.08373225478036198 0.09433505183796279
3 0.8669473820136595 0.5691604541478223 0.1740844632890383 0.728396985014259
2 0.8732159708471776 0.6427346551845817 0.08589553207825773 0.10384675287472209
3 0.18776052976190605 0.517508003157546 0.24447610887781668 0.7842751295949071