1 0.909137863053677 0.7283501333701022 0.03802390871793264 0.17303939371369365
2 0.5596133049650887 0.6023097483428609 0.04008700664798468 0.3646446968568469
3 0.5311699188671802 0.532776344290085 0.63879015146847 0.6836860268789083
5 0.5065674634825287 0.14354687034493294 0.2308267153566284 0.16956344499482
2 0.44808104126813414 0.760188560791639 0.020360966806520865 0.06322774607105863
2 0.4784522736457094 0.25591843775610973 0.019745660167825106 0.07565497146395277
2 0.3320382923170414 0.2843794239023708 0.01652557178554286 0.053707196856846905
2 0.29300002572030187 0.25120089681406566 0.017732874275053767 0.04909247146395277
2 0.2561554956271005 0.6650086856891951 0.01567346680652095 0.06300942224974104
2 0.27846485165502954 0.2050514888323483 0.0166439709557058 0.055269696856846906
2 0.25106802177160964 0.5252184396181365 0.02301237012586883 0.05712329528527036
1 0.8145833022657962 0.703561995033092 0.06948555103961844 0.09509848428423417
2 0.8299187626480474 0.34598493547979814 0.018443269296032128 0.05846747146395268
2 0.743434043142234 0.49405425433871697 0.017472765146846925 0.06620719685684691
2 0.7366083157622582 0.25304611062502325 0.016170374275053766 0.04901969685684691
2 0.708571945836882 0.5919994487143645 0.01519987012586892 0.056759422249740864
2 0.6854313663776693 0.535257143090012 0.028625597930052038 0.19284247146395259
2 0.6661565350443569 0.7585854811793531 0.019959147720270565 0.0990196968568469