2 0.6093874944559795 0.2539027160522024 0.020903305176967278 0.09171760643661742
2 0.5757838521084908 0.5119772960057162 0.017414284130279966 0.08524908514929379
3 0.5133825626459521 0.5045743414303547 0.9506913887990194 0.7729646946111298
1 0.46367463410204496 0.0821037617289425 0.3017892841302798 0.10513452229572964
2 0.3833141729998865 0.6956577993599109 0.015290342008670165 0.10221806386197034
2 0.38480732551778296 0.815571461612727 0.017960315700310935 0.0946240851492938
2 0.31112357067963414 0.37202891124440984 0.01962923151356133 0.06984260643661741
2 0.2554959259836583 0.3327750231289089 0.018612763083592478 0.0791083457929556
2 0.2255640442301005 0.519209549864114 0.013818847270342082 0.10367130321830871
2 0.21152538908136814 0.3993887227605918 0.018415342008670166 0.1024365851492938
2 0.2025081629000658 0.25803710308242267 0.02399748407381015 0.14484260643661734
2 0.17645171004335095 0.4975419994957969 0.024392326223654635 0.09818612772394086
1 0.07248860701722688 0.9213451222760594 0.03407116311182734 0.05062271287323483
2 0.9117206230845912 0.5692827895494285 0.03006401550266702 0.3024365851492938
1 0.8983168176958625 0.7027890582388618 0.07773015785015573 0.05211951089576328
1 0.8590491913451508 0.7424032152958977 0.05649219468185862 0.06152736188449914
2 0.7884042204255203 0.6069298910423673 0.028516926054245495 0.2758740851492938
2 0.7308760866058239 0.19834149488109448 0.020721294653623445 0.08859260643661737