3 0.7385022069675169 0.4541888928441223 0.0956195018457013 0.6893006021769181
3 0.6471960865171662 0.4589433694304774 0.16018264959394787 0.6993502139724834
3 0.99140625 0.67578125 0.0140625 0.1390625
3 0.5279955035437442 0.4560589608076224 0.15323174274640258 0.6881944591631598
3 0.9598801519102997 0.25540661934565934 0.04755013263196837 0.30410714664195543
3 0.4418274660668156 0.4676809962869849 0.08362014959394788 0.6966765925582715
3 0.39925233497600676 0.3164830840359329 0.0395187846991516 0.22743551923729372
3 0.9794332973421944 0.6704959060061483 0.024636659468438894 0.14117063702330857
3 0.349770373994095 0.46071672287334 0.13468200184570128 0.6906646947351897
3 0.2736386705703223 0.45789431243638645 0.092694760945 0.6923164747722564
3 0.9396815800387615 0.5755752756062616 0.06844003084164 0.4841220288559406
3 0.8884440453396095 0.35029502261103673 0.03268899136212653 0.169513891832632
3 0.8246900308416402 0.45509413921592523 0.14525855644149316 0.7097420769491748
3 0.9859375 0.20078125 0.025 0.1921875