6 0.6761284464644701 0.23516286319675334 0.09499009618646852 0.13080751387966066
1 0.6511457383976186 0.7487747802233314 0.0471329495445131 0.09967862739018099
3 0.5472196741471336 0.5408843321982296 0.1110516720393349 0.6353948843300113
2 0.4294220497376967 0.5732684307493552 0.05605657095872498 0.1766416455887782
3 0.33792648658352004 0.7717676850682919 0.1574553798517324 0.178462566315984
2 0.350942418789656 0.3317737407438178 0.0229712524470707 0.16672642504614252
2 0.2728719493748771 0.5718492257844231 0.0402678798517325 0.17095285009228506
2 0.25891860989664855 0.32117859731450793 0.02936509618646843 0.12660207279438912
2 0.21666658939341046 0.5893883767718722 0.030565497637747362 0.1609770727943891
2 0.21207089174781396 0.3173934608250283 0.04013890507947586 0.1226154796419344
2 0.1682464475607785 0.6082094255075678 0.03362106496827524 0.2484770727943891
1 0.18078866461330473 0.20420304595791855 0.11873513103285874 0.09647208667404979
2 0.1563466814035277 0.34357642658730203 0.03605160580511528 0.13950259099298634
2 0.1319096434770945 0.5949188810908088 0.024662727219327253 0.2151639250461425
2 0.12145332623138456 0.356217326495017 0.02340776206571755 0.17922642504614253