2 0.31771830117327715 0.3614484538056823 0.021557574586922 0.25981150961864685
2 0.34822176750801315 0.3188170097034648 0.02206351687504098 0.18492063702330858
3 0.37263646886662477 0.45934280598260047 0.14846239200226793 0.6762400961864685
1 0.42655021958441497 0.9083358666897066 0.05648810217691817 0.05347222958157971
3 0.4899058144201211 0.46577883365741474 0.10729175497895937 0.6591964399258663
3 0.5498264514434297 0.48347725434598726 0.02875002649368774 0.197638891832632
1 0.5704018793883963 0.7151637639646341 0.04324405771188111 0.07641865626060226
3 0.5850273414619631 0.463638469499597 0.056964372764974416 0.6480754014512788
2 0.5944345685964724 0.3531647609694092 0.034890899089026206 0.19473214664195543
3 0.6321478781224519 0.47230663056952266 0.05809036314632756 0.6356299651536098
2 0.6682168089778255 0.34325653683012486 0.09895837748947969 0.331180567330528
3 0.6773239688666248 0.46998272793711743 0.05830861795565099 0.6418799651536098
2 0.6814583973597456 0.49899810534177913 0.017683551721431278 0.14887400961864686
2 0.6824876401033515 0.327368642002268 0.02082342068857255 0.06002976442797028
2 0.7002729178629836 0.7696379875557643 0.02169643992586625 0.08502976442797028
2 0.6821007157865819 0.18221983310926054 0.01824405771188111 0.07554563702330856
3 0.7144172302993701 0.5266791612395617 0.039474250084817974 0.3259821466419554
2 0.7277084039831676 0.5497719208582085 0.022842277674814327 0.11784226442797027
3 0.7460392525318887 0.5160789671373442 0.028730179126092992 0.15238095553496275
3 0.7825843877410987 0.4900447459932848 0.05120544608595203 0.6619196466419555
2 0.7947322459932847 0.7932243096956156 0.020877984390903492 0.06159226442797028
2 0.7922569657865819 0.1860665741235859 0.02325893992586625 0.08508432813030113
6 0.11391132112836103 0.8264112217770316 0.10118553248413761 0.12682044954451294
1 0.10255211424263581 0.23298860399101678 0.10562006134007813 0.16442957694917482
2 0.17915928737827905 0.46038940689357444 0.013849223591130189 0.12845238221398514
2 0.1763914075265466 0.2917485342982361 0.018844258437520533 0.09273313702330857
2 0.20720240870767298 0.21323415389834954 0.016319459163159866 0.10981150961864686
3 0.22408984146196306 0.4510342542611693 0.15024314681159137 0.6825446598887994
2 0.23492568165798175 0.6496081635169964 0.023040685116542826 0.07883432813030104