3 0.30265335774663893 0.46344976840890706 0.10843020942126218 0.6682164540774929
2 0.40063856518934404 0.5566110835317442 0.092063131037097 0.10571645407749272
3 0.40084785068701 0.710380941211876 0.08238190564770313 0.20222774122451134
2 0.44371627843803696 0.39065346291948844 0.05245506175762475 0.08582985141192587
3 0.47891329552679573 0.22726691284034617 0.0785127595669115 0.23021634890464338
2 0.5444484011618637 0.5235448677757688 0.09882995658477522 0.07000627461060631
3 0.5528649917532368 0.690345922869476 0.09735368778015677 0.23388691818411544
2 0.6560307588419956 0.5249816841522471 0.0954321719450391 0.060540346397360875
3 0.6631803661264162 0.681671953352577 0.09624582884638358 0.24946645407749274
3 0.7727542237400411 0.2155946607952821 0.10736518527287427 0.25603470282385155
1 0.8446864303913234 0.6139435810909687 0.08620821694310976 0.6020004206913981
6 0.1558726683171295 0.8400613956850803 0.10110316191590937 0.14813127461060632
1 0.20292745704699372 0.2423225776592494 0.048023626022532004 0.1481479949854351