5 0.38949368541111096 0.2407989994313191 0.1650834053945834 0.18187086189159735
3 0.49902776709874963 0.4662509814795482 0.9537576196784728 0.7874091871171535
1 0.5824136568226729 0.875805859804305 0.22634560087368066 0.06304943312999996
2 0.639795624621944 0.5910301630909369 0.011629790653194583 0.09709320554708327
2 0.6902339953472565 0.47038970155992993 0.018281140576944566 0.1815773083206249
2 0.7298244786297566 0.4132486955760063 0.01926698480111142 0.4252182055470833
2 0.8192363900082636 0.19487859565225624 0.01475479065319476 0.09716594072944443
2 0.8167191876922217 0.7055978901051729 0.01580814437666689 0.07532730832062491
2 0.8604796390583331 0.1673705382815618 0.015844511967847197 0.076889808320625
2 0.8602919222089926 0.4773631341212493 0.014572952697291797 0.08935344072944443
2 0.8886487390789923 0.7015812309108673 0.013265025835555378 0.10025457313826394
2 0.8996641999444094 0.4295971281373257 0.015557490500694372 0.2658432055470833
2 0.9446156368741316 0.30986520317545063 0.022968640576944567 0.18168641109416672
2 0.9499700584175341 0.5830299462415964 0.023953178380347495 0.35817617591180556
1 0.9606251094230555 0.15879301244600613 0.02874324905006951 0.027217116641249994
1 0.13885921219659708 0.17323486540697902 0.10814111474138896 0.08372299620027786
2 0.14910638117454847 0.16909222606430543 0.01715505167111129 0.20029094072944442
2 0.1468281810427079 0.5353530056995832 0.02261019034819478 0.4346659407294444
2 0.17464013725538133 0.7494330362847915 0.017955138677083492 0.2346659407294446
1 0.18016017259024228 0.9148398307377082 0.09869337955902786 0.08037979065319475
2 0.2102743916237843 0.45969773584795115 0.01889808320625015 0.14098867591180558
2 0.20691038943958281 0.6042289858479511 0.012284407294444577 0.12521820554708327