3 0.36304202241953154 0.5433830667774094 0.122858420764502 0.7184682001845701
2 0.42755573092768273 0.625262924889259 0.06335395020978148 0.09735466378737563
3 0.42959979254075603 0.4162581647102262 0.059023492951030224 0.20436612739018098
3 0.4691540029230069 0.7740904511074207 0.08343149710021507 0.1981557001845701
2 0.46652221993002063 0.5546791170542646 0.11027557178554268 0.05993380937615385
3 0.48281895830765853 0.3901252637227771 0.08835764067130061 0.3042054410852715
3 0.5543415286433089 0.543980251384276 0.06536673610255281 0.12391716378737563
3 0.5833941016782516 0.7837436582318211 0.10279680373891083 0.18695738433001133
3 0.5805236751141795 0.4585829719269118 0.0033617983403260608 0.0033252590992987052
2 0.5985534699300207 0.5631400639996323 0.06193316016782511 0.07860466378737563
3 0.6029897483496148 0.41648510949612555 0.06245706888575775 0.24967862739018098
2 0.6508156321724382 0.637237700489112 0.08466026514684692 0.07073160703211538
3 0.6734387612213768 0.7716324868863065 0.06875369046151913 0.20965440468807692
3 0.6743580307179012 0.5477839767072737 0.08892263527271585 0.1269816070321154
3 0.7276410091467843 0.7789932063492081 0.07116829544054112 0.20047966378737564
2 0.7467317834171936 0.6410519177925452 0.10580155933798814 0.08297079117755661
3 0.7535602786433089 0.5567467689645644 0.07786673610255282 0.1247182001845701
3 0.7779253516782515 0.7962097871631617 0.07389147635429065 0.23641716378737562
3 0.8088136958601039 0.43433964527501123 0.07318108133331229 0.22704216378737563
2 0.8396996108018138 0.5956974498708031 0.10710395020978147 0.10015829117755662
3 0.8644008450302669 0.4394567442875621 0.08587125809787714 0.2713929410852714
1 0.8736071338228234 0.2736710579826526 0.05544636182749905 0.0750791455887783
1 0.9131524566572734 0.7955460579826527 0.07413011992537619 0.34216651603912884
6 0.26850465271786994 0.8553044710040612 0.11681083693238978 0.1256589389258032
1 0.23255700394869222 0.288567553977483 0.05980382033565031 0.15310401603912896
3 0.3042464402610265 0.5061846529900339 0.07252284358037446 0.4851154796419344