2 0.43305443627730417 0.2875553951841885 0.08448408430895533 0.023171906377006567
2 0.4653538518701529 0.33197045850402856 0.07192954215447785 0.013141809135968607
2 0.6366521349494443 0.3581600650173208 0.09381363251355737 0.015850729307785194
2 0.32988905054229295 0.420344641000317 0.07193863251355737 0.014704309135968607
3 0.5025862071581513 0.41832736035847945 0.6276725655694075 0.4921298620519007
2 0.6307975655694076 0.4264563636378398 0.07665340359079628 0.019637470601357877
2 0.44825323116225635 0.48213091078802073 0.14692954215447768 0.017072392582196727
5 0.14204868295765444 0.5059932931934521 0.1290340359079618 0.16296474672063965
2 0.6703236738824682 0.5040966847595959 0.27503636143631843 0.02066213930283638
1 0.20971134328594587 0.046839621212613244 0.07354658430895541 0.02259869629109834
1 0.22465963241536144 0.0640304432388806 0.05948408430895542 0.02186171189493056
3 0.13334428600615764 0.0844458418139711 0.12506363251355732 0.01748847241038014
1 0.6669698522629364 0.06195012833716083 0.09422269867214013 0.08616322930778511
3 0.4904891654946528 0.08526587686682278 0.3220204457452738 0.041868753956728885
2 0.33372608108750157 0.13958928595736286 0.07502727107723883 0.008618083446228119
2 0.672802216626121 0.1241635232942067 0.08289431323171659 0.01840251922187681
2 0.2243692618056608 0.14844638681644548 0.04694772287263689 0.014956614653892553
3 0.4845527828828997 0.1394996754873418 0.5941408854404235 0.09830461894930571
2 0.46427664431921817 0.14681420850402857 0.07817954215447767 0.013469357756487587
2 0.3309646954506863 0.20225306026762233 0.1032159035907961 0.021029552238563554
2 0.5232203731437834 0.20389969018666285 0.07509090359079629 0.01955558344622812