3 0.28984375 0.4515178493992519 0.1 0.263242681194351
3 0.36796875 0.7327621315823386 0.0359375 0.23376299480421991
2 0.3859375 0.29417487898444855 0.10625 0.15742972376899794
3 0.40234375 0.4593846157428968 0.0984375 0.20688342055068923
3 0.4828125 0.7251677888914762 0.0578125 0.21654264381548421
3 0.49765625 0.48792451500626266 0.08125 0.14318155347041034
5 0.51171875 0.8779703607992182 0.134375 0.15158391535490914
2 0.515625 0.5805872624083726 0.19375 0.08854831981405517
3 0.54921875 0.7212176162470999 0.0625 0.2184329257464695
2 0.55625 0.25530303914357766 0.1 0.11011768119435103
3 0.55859375 0.4390606801090703 0.0359375 0.22438799480421992
3 0.60546875 0.4267134994189223 0.04375 0.2561842980225286
3 0.65234375 0.7354600687287742 0.04375 0.2358717980225286
3 0.7140625 0.7413383641534128 0.0875 0.23736859604505725
2 0.73828125 0.3055319041301698 0.1109375 0.17025750569998319
3 0.74375 0.4496643163829859 0.084375 0.1996500747577336
1 0.85078125 0.2891799204738147 0.0484375 0.2315120799535137
1 0.8578125 0.8365465933702925 0.059375 0.23696440445914604
1 0.1703125 0.5650344101591291 0.05 0.4097463405971755
6 0.19375 0.8619858198140552 0.0984375 0.12094592055068923
1 0.21484375 0.36971083850348857 0.0484375 0.18619957995351372
1 0.22265625 0.6811946417217973 0.034375 0.2477162341605581