2 0.6161784769479658 0.48299961273332864 0.04315941015912905 0.17195024310259513
3 0.5954896464902488 0.6786806049314125 0.05707979852673155 0.192917840343633
2 0.6129541960253867 0.19516542006027487 0.08614458565349707 0.16330558344622811
2 0.5673421392007818 0.4801103081199158 0.055921490112642934 0.22087906603337348
3 0.48987343101912406 0.6974482943251058 0.11635624556052448 0.2614088907731745
2 0.5106322253584817 0.17795466587640335 0.059800606940820344 0.1650385018090223
2 0.46676298499373736 0.4713704732033497 0.08433071337743776 0.18189180913596842
2 0.4317752518415854 0.21477963647776122 0.07934828243518836 0.1551655348257091
2 0.3925278094993695 0.46436355664957774 0.07026821337743776 0.1811548247398008
3 0.3741280987198218 0.660702968114967 0.15246870818165767 0.2212685696514182
2 0.35326783958876934 0.2243427442342488 0.06376684110137862 0.19949538896415211
2 0.33562759947612647 0.4432155749669434 0.05423902179152655 0.15229284034363316
2 0.29578312151975455 0.22268506897404966 0.058718708181657676 0.216355340343633
2 0.2691395859824731 0.5035223111721334 0.048469623032363796 0.20336401741285465
2 0.2142217650831372 0.24252725746323184 0.05301501139996638 0.22384029172311407
2 0.1831638811550101 0.519703911126705 0.07685670298587759 0.25311171189493054
6 0.8593371591507228 0.07794918532542285 0.11411676634364483 0.11806832654882313
1 0.808463437979615 0.20437888851392616 0.09278806956195354 0.12473440637700665
1 0.751286178421234 0.6658453329960021 0.06861859604505724 0.09077548620519008
3 0.7056233892007817 0.4728632948909327 0.12725943865904502 0.7290124706013579