0 0.3131347046467282 0.13221091666816973 0.0811056440165447 0.1255865049623987
0 0.5557718119032772 0.6862283668347855 0.07623633068109026 0.10974318114108109
0 0.5618967319382756 0.42827031762057377 0.08879087468172671 0.11501287799792799
0 0.5630132419239581 0.533629905709915 0.06991360534690845 0.10320208271265781
0 0.5769688432925019 0.27374548346017397 0.06379087468172653 0.11384848428423426
0 0.5806307399745466 0.16035507154951517 0.060411336012090366 0.09182793507002263
3 0.5952690218810055 0.8483623397464802 0.28557496801399934 0.11636997849326605
0 0.6970235205681409 0.6929235148917054 0.0983658693507266 0.13263702564056318
0 0.7065279792727754 0.41294491646328196 0.09498633068109026 0.11061647642635145
0 0.7056456372533673 0.5558772791597291 0.08562951201463562 0.11174232878371626
0 0.712542716621593 0.29866409264196436 0.0779442813494537 0.12231595574818695
0 0.7250619926400467 0.16221717039222336 0.06998633068109025 0.10945208271265772
1 0.15235755259391243 0.5285508773787555 0.042588584022908015 0.17064213978475226
1 0.1939525172263231 0.7788205510762385 0.046294292011454005 0.08648546360606986