3 0.3173008794542513 0.5333534734973387 0.09606660174113024 0.6765622421240923
2 0.3819400409744492 0.545677872439172 0.05979620031656907 0.12646664727484325
3 0.3939984571135007 0.7502696486519691 0.0441377595669115 0.23118609818322894
3 0.4102422003830761 0.38040355880369003 0.04956940564770314 0.20357128121376702
2 0.4319316807870348 0.5231330638046598 0.0712959899708702 0.09311201333591956
3 0.4301943698873399 0.7712357239563807 0.04313754922121245 0.19681109818322878
3 0.45490148251552975 0.352724840017457 0.0637061134861197 0.26084164727484327
3 0.5050485835317442 0.4594051457770312 0.06297868778015676 0.23584164727484325
3 0.5128621173800575 0.7560568762321939 0.09368311850068452 0.21964256242753386
2 0.5411248243605441 0.5383112668390773 0.06146634890464338 0.07672173879011232
3 0.5621827851019544 0.35286797441542267 0.05266096489804539 0.30982128121376695
2 0.5737267242022595 0.6020547735070372 0.061966454077492725 0.09390923879011233
3 0.5842968481797275 0.7501414582045652 0.03398986975432585 0.2038583236374217
3 0.6028328656641978 0.43606298275037236 0.04970579796757128 0.20825878121376712
3 0.611427649512511 0.7327784860843523 0.031501367247043534 0.22547823212215262
2 0.6179995614284204 0.587657304720804 0.055580061757624755 0.08871155575957416
2 0.6364971603330638 0.5171215351759667 0.052818774610606314 0.10095646424430509
3 0.6395837417532368 0.7609193326005912 0.031001262074194003 0.20829073212215263
3 0.6601201799291051 0.3780908571463984 0.059126262074194004 0.21058655575957416
3 0.6920411520197934 0.7612858654813481 0.03458090314042082 0.22417082363742152
3 0.7132929925446596 0.4615249815424244 0.059217190287439436 0.21371155575957418
2 0.7180761177757689 0.6201027560882316 0.11785274122451135 0.08600088606495575
3 0.7344332404995957 0.7576983509374806 0.049751262074194 0.2098212812137671
2 0.7695189458307297 0.6822518118478058 0.052165556743059935 0.13207891848667064
2 0.7782300192668369 0.5443531991207095 0.07514841567683295 0.11836710485118865
3 0.8037254274218226 0.36788629396995837 0.05258675705962901 0.25369882697140156
1 0.80859375 0.946875 0.1203125 0.103125
6 0.183716523489979 0.8450885857653931 0.11650084138279597 0.14668329454968648
1 0.213176983769171 0.3439565204629213 0.08238190564770313 0.20624974212409217
3 0.25453410649299774 0.4835928474343228 0.04499218355701462 0.5819833236374217