2 0.70703125 0.5399406842220378 0.0140625 0.15682300296574958
2 0.69765625 0.7207914361992043 0.0125 0.06925933596955502
2 0.63046875 0.508685367035563 0.015625 0.12563666996194395
3 0.58359375 0.4676266269213948 0.14375 0.687107363649884
1 0.5515625 0.0611193003433798 0.059375 0.07429434585538688
2 0.540625 0.48343996931674055 0.01875 0.1507640039543327
2 0.53203125 0.33300888779580967 0.0203125 0.12270267095052709
2 0.53046875 0.6697913047920041 0.015625 0.08501166996194395
2 0.47265625 0.36902198365119654 0.01875 0.13201400395433271
3 0.46953125 0.4597743176435854 0.071875 0.6591786818249421
2 0.46484375 0.5263715686321685 0.009375 0.14413200197716627
3 0.365625 0.4593206728905124 0.140625 0.6494800296574953
5 0.3203125 0.07601076578014973 0.165625 0.1004987015966055
2 0.284375 0.4540376066926207 0.015625 0.10688666996194378
3 0.27421875 0.46148269216788435 0.06875 0.6340513478325531
2 0.2625 0.7041476946393422 0.0203125 0.13207767095052708
5 0.23359375 0.20688803406893846 0.059375 0.1039818458553869
1 0.90703125 0.7528850587091558 0.01875 0.09138900395433254
1 0.896875 0.049925121008486256 0.1375 0.09985024201697251
1 0.8875 0.8060246461615856 0.021875 0.05870383794672165
3 0.84375 0.43671357205502853 0.034375 0.36233817391627665
1 0.8390625 0.7103420730436117 0.096875 0.14457235376405234
2 0.7609375 0.32836917285333134 0.0140625 0.1318230029657495
1 0.7578125 0.026299925856261917 0.109375 0.052599851712523835
2 0.75546875 0.4832795073400117 0.0109375 0.06450816897336083
3 0.74296875 0.45566384330956683 0.146875 0.7044221976422728