2 0.35107405047999274 0.5135430084524656 0.0757882262518895 0.06886040919430556
2 0.3700647871140516 0.2949384788171878 0.06155912628012441 0.03888196846486114
2 0.37086217668953 0.4021333829775003 0.061725726251889504 0.06853310087368066
2 0.385999871230214 0.19595611815986144 0.07688028939195171 0.0876104091943056
3 0.4542445531108287 0.5151620194703824 0.3037855676958623 0.7685370201359725
2 0.481975439984884 0.5494467537028129 0.06530575256024881 0.07641833605604162
2 0.4940945503388184 0.36823312129399344 0.08285727360693614 0.08306837955902786
2 0.6082362901684105 0.7456158517267019 0.07220819994353037 0.06097517401194459
2 0.6272501426298372 0.566909623478195 0.07678928413027979 0.08604790919430556
3 0.7386650557416645 0.5209996710652438 0.321625515079144 0.7533484312301392
2 0.16104828995664905 0.512249346124028 0.10989021046687397 0.06497299620027785
3 0.17253182152668015 0.5031289192622918 0.3114006466209401 0.7921199905006947
2 0.18567510558637285 0.34462608824024327 0.10849431043863911 0.0945877610179167
2 0.19228069233337117 0.2446442720358335 0.07606124203690508 0.07354790919430557
2 0.20374037905213466 0.1150476910137849 0.08634629465362353 0.08939111474138897
2 0.171570019051136 0.6673914410137849 0.08919827886860796 0.08477634992375016
2 0.1694930376081618 0.810505661378507 0.08783319994353027 0.06133884992375016