3 0.6287270500945364 0.3225968072485449 0.5940425259189815 0.05968757948106349
3 0.4047324754951383 0.3529390385594054 0.1411130155513888 0.02829366950744614
3 0.42088444726708263 0.38621533002921765 0.1521872165881481 0.030238115423762136
3 0.43136261748388804 0.416956898540872 0.17222631451462966 0.02782244355406327
3 0.5884813418477306 0.4590501732204613 0.6816792269557407 0.06430564681159154
1 0.16594196050939725 0.4723338461864685 0.04812443317629622 0.05152778366526398
3 0.6006388807262028 0.5178894598809501 0.6791789435438886 0.08914195570459889
2 0.5584697960420358 0.6145536395551974 0.3005468041470369 0.016726230847524448
2 0.6481180564096285 0.6332614887368907 0.17296860829407415 0.01850200725639404
2 0.30675076263018397 0.6306870379264332 0.04966780933083328 0.01575397477225664
3 0.619641033365369 0.6727679328391081 0.7054269596609254 0.26452390162091477
2 0.7052162398687486 0.7606523679556509 0.3258202062205555 0.020724250084817975
2 0.6895324512731004 0.7772396672300115 0.24878881451462947 0.03049606496827515
1 0.7879483508012035 0.10384435116542792 0.1531632476909257 0.07700398801910047
6 0.15895391790773128 0.10758186542376216 0.14156136635259245 0.10463791469812275
3 0.5565991889257403 0.22817219545297984 0.7184943047126848 0.182420729751216
2 0.8112572946279162 0.2456325470817439 0.18886701036759276 0.02217264427970269
2 0.6648703101793051 0.2638864953603126 0.08519520622055551 0.012321439925866252
2 0.3578780163998606 0.262512446001134 0.28058561866166665 0.03783733901489228