3 0.3347240101711175 0.5347026015287953 0.10768263335919555 0.6899015620344933
3 0.42600271441348303 0.537397416044488 0.17238286214736825 0.7006978209258333
3 0.06591101092002358 0.2925899143918581 0.03922148091420459 0.13724744292790536
3 0.5453266703228384 0.5499595361845332 0.16524004184392654 0.68946922249741
3 0.11669084260253085 0.7144477977664696 0.05286887698109988 0.3044349429279055
3 0.6313439186558485 0.5454047768789083 0.09582036214736825 0.6971318651776464
3 0.6765921300252157 0.6992767936281312 0.043494134857007614 0.2277268937136938
3 0.08985869395056172 0.299931533498446 0.027104118187108162 0.14135274607105863
3 0.7235792160804729 0.5598183413946008 0.14674513335919565 0.6917209272121397
3 0.7998068762321939 0.568816659839235 0.10481272487446454 0.6928810128202816
3 0.13129650804508564 0.39758993755122196 0.07691163910907144 0.48455909057054053
3 0.18650939290209326 0.6258626408182095 0.03564994182452983 0.1697688444994821
3 0.24846764577703118 0.5267937481379732 0.15765068245080993 0.7109075748547748
3 0.08905992124092232 0.7668621683207996 0.03274808243141329 0.19142552067816448