2 0.3824913548952149 0.35429735673440776 0.0975113251355733 0.11106595941492108
2 0.7208407825883121 0.3719208279171564 0.22827044574527378 0.028981936686749598
3 0.2545754331540461 0.38799842654047995 0.2845022650271146 0.026838784088961898
3 0.4897544090517451 0.39600934415250605 0.03450226502711473 0.02247501785690744
3 0.7730032462875668 0.4759458547025176 0.35094539734428026 0.1686092727248763
3 0.27296532220870706 0.05788423254683432 0.2688499939498758 0.02187854869945849
1 0.8065636173882467 0.06797939609837542 0.21887726502711474 0.025693295453047594
2 0.7031816256778661 0.5590935454497523 0.19384999394987582 0.020569418829842156
3 0.44238502624360027 0.5787576144450455 0.6485647650271146 0.03319351866439106
3 0.5191838755796703 0.6207190178536122 0.7846022589769903 0.05275381655307072
2 0.3504929629136878 0.6279297256469755 0.15074540944452863 0.13074325973923262
2 0.10686113758172289 0.6439875535707225 0.05644998789975157 0.03535684740221221
3 0.34675033937712096 0.6559865417995996 0.4344659035907962 0.02320704382819443
3 0.7464190621515621 0.7402986810014115 0.3228749394987579 0.17749334902377
2 0.6390247186692244 0.810291806813838 0.09693863251355736 0.012628459414921167
3 0.5189303872871353 0.8456917443146619 0.7313590843089554 0.03151401622875909
3 0.5106638902140015 0.901791739850435 0.7066499757995031 0.08107763960555374
3 0.5295107588787945 0.11313834293469008 0.8191681565176625 0.08616633440997816
2 0.38219085216474047 0.16837349350388298 0.1974022408266179 0.09406146590774282
3 0.5127505057555366 0.18627583400623635 0.06577044574527377 0.026145488635914305
3 0.2549470961146162 0.18333820007943025 0.281395445745274 0.029909237011061185
1 0.8744965268327753 0.19727715827324005 0.11934996369925485 0.10519778896022584
3 0.8031033158639953 0.2788350754815244 0.37300220452587285 0.20024110227018088