3 0.5779191911918106 0.2867678008159038 0.6868849303072194 0.1237338365314045
3 0.39573666296884225 0.38595435248022214 0.2762549651536097 0.05677575394869212
3 0.7529291479927178 0.5429674887786232 0.34058537149903 0.42630792656407196
2 0.23308043946253004 0.5956756624429103 0.07969247840045357 0.1400581601678251
3 0.3898760764858386 0.5994607454266079 0.2287648954608291 0.1248619805034755
2 0.5355705224021546 0.5993871226014467 0.08119052413143528 0.361459563487173
5 0.16550110297952644 0.8138588226107354 0.11228672359113015 0.13629454274124875
3 0.3900199533423462 0.8054622916923414 0.2928075480932343 0.08452224565032225
6 0.20843752649368782 0.1816015070489699 0.12180556733052797 0.09649833693238978
1 0.8166418960938012 0.1691971794406351 0.09845734736759475 0.05265324855010749
3 0.5625372386520726 0.22761794376228953 0.4729662740466171 0.06700654938923326