2 0.3175791578631254 0.5256444768647914 0.041108230051458784 0.5583034237011061
1 0.31566463364309044 0.17497232102059282 0.05301720364722229 0.06340002678536125
2 0.3431864084318063 0.92124334902377 0.015700348023888998 0.13771818831160268
2 0.34668934887691033 0.7362234667185218 0.02136977298576408 0.17998750892845372
2 0.3722361691653826 0.8272575698027769 0.018534407294444576 0.12527273538950326
2 0.3744837745043754 0.5547513242670037 0.01421058320625015 0.14081591477265237
2 0.48954311720993093 0.43181047645775444 0.01508209897381967 0.11115568831160268
3 0.50859375 0.60703125 0.9765625 0.7828125
2 0.5309929201153132 0.8034769707757116 0.027693814588889153 0.25038182954530475
1 0.5824709271460765 0.19680995941162577 0.2217672036472223 0.06634556899199792
2 0.6025068570450355 0.9234270064895265 0.01758884992375016 0.08464773538950325
2 0.6640547675705213 0.5480918157422918 0.034525696047778 0.2754909237011063
2 0.7436656131258683 0.34487708684561014 0.022640025835555733 0.10035455600635448
2 0.09156282494121576 0.578707426947517 0.024566201747361193 0.11600682954530477
2 0.8110771975663894 0.6576458680951982 0.016608231382639005 0.10962046185055314
1 0.8229692937873265 0.22912144764050302 0.10748649810013902 0.05497960064862308
2 0.8337509781515976 0.6252424711794533 0.02776654977125048 0.2535068295453048
2 0.8804610175705214 0.5518692008869138 0.029291375759305537 0.18481137662320535
2 0.9084444664680908 0.7475908039711691 0.016026349923750162 0.08462046185055314
2 0.936187606760695 0.731675477672275 0.018243466564999977 0.11277273538950343
1 0.9551102997712502 0.26969367491233154 0.03186824905006915 0.027107970779006774
2 0.1429655900431951 0.7740568831160273 0.024893510067986215 0.13006932954530476
2 0.2065195969770493 0.7868802114435158 0.02558449430041678 0.15975682954530476
2 0.2892606682154521 0.8523609354689337 0.01897343123013915 0.27834318831160265
2 0.28256707180708374 0.46412059577735915 0.02409734232430578 0.2971750089284537
1 0.29314285552642405 0.549426850241586 0.027036585106111132 0.08793637662320535
1 0.29444751633625027 0.37061605762791217 0.02354790919430556 0.07225682954530477