3 0.5079535196978396 0.34031065524535287 0.2671217980225286 0.057588929216928084
3 0.3284352645020595 0.3667083016727367 0.2488416915859112 0.04106317051050077
2 0.630636902869662 0.40278407903521396 0.1465579257464693 0.06995173111680746
3 0.7387225544788164 0.41234054273916687 0.3758847928267485 0.09909475576575115
3 0.3338818711907784 0.4557298580951718 0.23456067029858776 0.03720118611433314
3 0.7835212382710575 0.4964189716174106 0.33562042574646933 0.07986007688750725
3 0.3923224379027404 0.5233987149471483 0.33623243094224947 0.04408635119776694
3 0.7390717517647107 0.5509117198083884 0.2702467980225286 0.0577527035271876
2 0.6988345178562542 0.5877223230423201 0.19506112772394069 0.028904007236089234
3 0.3960919301090703 0.5773049649471483 0.32180929802252856 0.06045497964646938
3 0.795856983327379 0.6060396330827998 0.3264639470337928 0.0824937539567289
5 0.1857442919935693 0.6192114246943723 0.14558528763096837 0.12283106965141818
3 0.7677755419935692 0.6497143899802049 0.29281021287323483 0.04648101085413394
2 0.6708676910048336 0.6664304992070305 0.16156021287323483 0.03960248982323478
3 0.438044119349193 0.698596788782438 0.3509504948042199 0.05419833559393474
3 0.797932571578766 0.7470364473071511 0.34949725544788174 0.05567894843880481
3 0.6993365344520006 0.7730047258012822 0.12093521287323483 0.03747342378986111
2 0.3475937179921402 0.7631329223195231 0.19237317029858775 0.03499023292582972
3 0.5518495292562206 0.801081058908826 0.36737317029858774 0.04416159430036189
2 0.32104192566959483 0.828682679216928 0.26591993094224947 0.04040142921692791
2 0.7446433166350874 0.8532178482570908 0.24971577673520517 0.05356317051050077
6 0.16311127723940821 0.1953611668924562 0.13555472376899796 0.11296474672063965
1 0.7324622107795478 0.23376184135968586 0.19477690445914603 0.06936523292582972
3 0.7482618094224949 0.3038663014455941 0.334964861884499 0.07048507688750742