3 0.6298015281554468 0.31449000487455925 0.26956222749876274 0.04997627516050809
3 0.22803431026762233 0.3254055543847966 0.2195555834462281 0.07876374837514692
3 0.5901724621220732 0.3557695698093674 0.2277841632744117 0.05705238960884902
3 0.24561355664957776 0.4218850880700167 0.24209896879233553 0.03232512499835245
3 0.6308959594085397 0.42764852394928277 0.3407754862051899 0.06839108441327343
3 0.4323455947546472 0.47794635308755035 0.43049972749876275 0.05278544967239327
3 0.6130356727738084 0.5450405754914103 0.31494332654882307 0.11165016071216734
3 0.5295404200602748 0.6190877759778776 0.20270892017181658 0.02539328652459396
3 0.23628506501732077 0.6296703145310664 0.24340916327441153 0.05732512499835245
3 0.5990783141128097 0.6475343299556371 0.32836401741285465 0.04007516964062106
3 0.5245386595448253 0.684740049516828 0.2420989687923356 0.03232512499835245
3 0.2406173609243063 0.6959401968363147 0.20311171189493055 0.0628660129856435
2 0.4187113834255435 0.7381026030875504 0.07160940637700666 0.08554776217486477
3 0.5899312861845054 0.7476025138030129 0.30359639077317446 0.10364674593951477
1 0.06381301899676389 0.7818482435071783 0.12762603799352779 0.14913870373287813
3 0.2124436940318501 0.8462947528426691 0.22474769448207602 0.02890011606989873
3 0.5570601532132472 0.853548550734644 0.25278416327441156 0.05748876623205419
6 0.10148949966131574 0.22302266842610036 0.14422139077317436 0.10086484496658024
1 0.5255444753510562 0.21874290260108306 0.13979284034363298 0.046150071427629946
1 0.657783765265148 0.22736215179030417 0.13362472749876275 0.047603477271828606