2 0.38688520071228055 0.2962875259554234 0.03072847743445779 0.1983310841867496
2 0.4180636221951014 0.6709080943571575 0.061002313802688946 0.3810371683734992
2 0.47895068025830945 0.3242675837632266 0.05967183135366607 0.22809417889684286
2 0.5355272891920826 0.31196427581424907 0.032456113486119695 0.2577060841867496
2 0.6240552094212621 0.7008440362670056 0.037354213644404236 0.3188255947100931
2 0.6319392879384413 0.3284985994070678 0.06334240063313815 0.24702618942018653
2 0.8045777837152993 0.68640064662094 0.031604318817253584 0.33564907366340596
1 0.8852213446149942 0.9383341439195171 0.0903187746106063 0.1019712946536238
2 0.8784134711662517 0.30229793338205585 0.038706113486119874 0.258070105233437
1 0.9033586130239012 0.6235204859987744 0.0745814290046681 0.31163472099021766
6 0.18664144061664367 0.8391520472138723 0.08511444906292791 0.13754477360693612
1 0.20183058762187223 0.18177916297065297 0.05352947994174029 0.1778211631118273
2 0.2676855374762229 0.6223733418674959 0.04152488809672592 0.3549451052334369
2 0.2872943776718847 0.30452568920842504 0.10521165188677947 0.23854583148532651