3 0.25220954005363144 0.722833933443634 0.07398307526193673 0.2322591209411627
3 0.3182647728768073 0.3026617552783011 0.10656561834078682 0.38576595048646733
2 0.3242423492240249 0.5296236757329963 0.12533848960843982 0.07397506249917604
3 0.40067843512962337 0.2957611444834082 0.09315868220275725 0.3948954886359142
3 0.49938373290005045 0.3236895012211113 0.0858817777436112 0.33546594155801357
3 0.5724170413141392 0.35050537135149495 0.08332522427320103 0.2542704886359143
3 0.6173692723726043 0.4441365945661337 0.0347241972858944 0.13949887662320534
3 0.6092625693867266 0.6939729533324318 0.04127983590559854 0.23324887662320534
2 0.6457895672930396 0.5286928267092262 0.12777507475773361 0.08650233603812651
3 0.6488003167888365 0.6753360016281483 0.046917830709818274 0.2692409237011063
3 0.694707304555691 0.36475701177441805 0.10345205397461328 0.22965231818121906
3 0.7292637129501094 0.7074842540637803 0.041203426250672595 0.2098386501621558
3 0.767554578693006 0.3049632260606031 0.056816990616846044 0.3661704707790068
2 0.7558529821437459 0.5392564054437521 0.09093063861970414 0.09522277110331831
3 0.8150305122331456 0.29555126989209296 0.07128368220275724 0.39451365909060954
1 0.8029093905381641 0.8817654594215117 0.13810056956195355 0.1225762037328785
2 0.8674131950169806 0.5060972577172282 0.05063342055068922 0.09920115909060953
6 0.15961821244590618 0.8641231810080022 0.10761539406758577 0.13296823295387128
1 0.21656016124440985 0.28414930884902345 0.09344363342392406 0.13116027110331832