2 0.7174795057032126 0.48352323362697514 0.024156995681063265 0.08579579004195637
2 0.6734384114710237 0.5120617081071659 0.0139809592838688 0.07258539502097819
2 0.6492463471576244 0.6804914767784979 0.016945272978959203 0.09457879419114121
2 0.5834771406515328 0.36996745125868863 0.015543459283868799 0.07270379419114112
3 0.5875102058877828 0.542090904992955 0.4994268198597284 0.6598093560279292
2 0.5808770789590272 0.6690911128764062 0.020531347932816857 0.07774649170163031
2 0.5230681716500565 0.4827858373565971 0.018787177667036126 0.14758539502097817
5 0.49563027991878955 0.17594384150578196 0.16446062307124443 0.13996491701630237
2 0.5036928177002601 0.702115255198092 0.023872800738280374 0.27547359668065213
1 0.955604859653009 0.28076969960830345 0.02345608883351815 0.07485829004195636
1 0.9385873403746775 0.29425185915142865 0.02255492288667398 0.060795790041956274
3 0.9171047617201923 0.2016616174497984 0.01894786397194572 0.1258287941911412
1 0.9458302529254354 0.7348409703542279 0.08725777297895902 0.09990675684847723
3 0.9204531138150621 0.5572128778227606 0.04562668722776024 0.32376938672260847
2 0.8642963440753053 0.39668885230295137 0.009493718383167505 0.0753551975104891
2 0.8836807063492081 0.7355737535477068 0.019369366131414267 0.08387809253146727
2 0.8541622755998528 0.2870770539626254 0.015503886489479868 0.04782219336130424
3 0.8661463456164649 0.5468781064521363 0.10523672886674192 0.5988411643170102
2 0.8585946614710238 0.5260920097714842 0.01438147748246621 0.07883539502097818
2 0.8015960849760069 0.3888278854964305 0.02223355027685514 0.10430899170163022
2 0.8021932695828733 0.5801273917202078 0.020431218383167506 0.0761839917016303