3 0.702564382752453 0.32731885799773197 0.30992038708777747 0.1416716671451935
3 0.308725491329351 0.4296229794967619 0.2401752321395369 0.05667661905195924
3 0.7214401048072213 0.4355852257837469 0.3191983508012036 0.0874752404661713
3 0.7083433654576379 0.5277280857652134 0.27828082488222206 0.04710321161023075
3 0.3246614325641656 0.5669865702409348 0.22062414976444425 0.08247522721932725
2 0.49817684500527665 0.5797345629845406 0.17731683232860984 0.6557639050794759
3 0.7312135204058785 0.6099949487419049 0.30970577360990725 0.12141373084752427
3 0.7703532243173598 0.6901263928441222 0.33296832488222206 0.049012941191810454
3 0.3372379279460171 0.7107365702409348 0.20843721658814812 0.03220240870767306
3 0.3458897580120356 0.7558853791339422 0.21251912384546295 0.04324903611233459
3 0.7352940106039337 0.7462052672535592 0.3033587373233331 0.06667166714519332
3 0.3461234953353688 0.8122990702409348 0.20953082488222216 0.04470240870767306
3 0.3525778383608779 0.8771155383897693 0.19812443317629622 0.05676589908902585
3 0.748778895099813 0.8734671717000628 0.31300713939685176 0.07012404935917864
1 0.3746476194636556 0.9233630558129645 0.2623824228087036 0.043432574586922
1 0.7145969081057866 0.21405496616510003 0.1664834539114814 0.08681549763774728
6 0.16303440810578657 0.23331595308789216 0.12906136635259244 0.10420140507947587