3 0.7106231552453528 0.5258433072431059 0.057588929216928084 0.2666106473268119
3 0.6651458016727367 0.34171893622465327 0.04106317051050077 0.24851309471009325
2 0.660596579035214 0.6413171178229192 0.06995173111680746 0.145827710466874
3 0.6623405427391669 0.7489021046687396 0.09909475576575115 0.3749537683452644
3 0.5760423580951718 0.33575038630935794 0.03720118611433314 0.23426858418674962
3 0.5823564716174106 0.7831868284309675 0.07986007688750725 0.334890210466874
3 0.5140237149471483 0.38587991794997617 0.04408635119776694 0.33592208944842145
3 0.5227867198083883 0.731427636379945 0.0577527035271876 0.2697356473268119
2 0.4814723230423201 0.6861837548381489 0.028904007236089234 0.1948420631400623
3 0.46011746494714834 0.3827402364222974 0.06045497964646938 0.3212981473268117
3 0.47322713308279984 0.7815039601139381 0.0824937539567289 0.3256972209902177
5 0.3957739246943722 0.1655835575254545 0.12283106965141818 0.1442343893637168
3 0.4262768899802049 0.7476148075254545 0.04648101085413394 0.2924451052334371
2 0.3992429992070305 0.6479032338620486 0.039602489823234686 0.16119510523343691
3 0.34234678878243796 0.4093720839044009 0.05419833559393465 0.3505306210184525
3 0.33141144730715116 0.7654554839326357 0.055678948438804984 0.3490591262801244
3 0.2948797258012822 0.6628541286991988 0.03747342378986111 0.12057010523343692
2 0.26782042231952313 0.31000984976000356 0.03499023292582972 0.1920810841867496
3 0.251081058908826 0.5107610076807463 0.04416159430036197 0.3670810841867496
2 0.19899517921692805 0.2748466235081141 0.04040142921692804 0.26560958944842145
2 0.21884284825709083 0.6981476156156063 0.05356317051050077 0.24924113680346807
6 0.8203611668924562 0.19732273606936152 0.11296474672063965 0.13431335779368575
1 0.8415743413596857 0.7655722071301663 0.0693652329258299 0.19408319994353018
3 0.7726163014455941 0.7724599729857691 0.07048507688750742 0.33434417889684304