3 0.3072747529406761 0.362604266230829 0.059315203527187596 0.2685059590920577
3 0.29013600407232987 0.7642804264973858 0.08630042740790574 0.21780727711788864
3 0.345934461217562 0.40128633300301875 0.06491675033868427 0.22654577962517114
3 0.38819836782171124 0.744442951107992 0.04073562188998174 0.24144335391920818
3 0.42092449513875996 0.3588691639609734 0.08018762550802645 0.33931856426490725
3 0.4575226571699761 0.5563268371596538 0.06774958050555195 0.4294434590920577
3 0.5374978414752868 0.3739977219576745 0.12246365671569084 0.3124665592503423
3 0.6059778465636695 0.45579930291562915 0.03243844301173802 0.2021989974927175
3 0.596092754976841 0.7489271772888085 0.06573562188998175 0.24217077962517114
3 0.6393912121220732 0.3855693709414601 0.05148941542211816 0.32756271034569895
3 0.6715209594085397 0.4592712953937818 0.04073562188998174 0.24144335391920818
3 0.6629084407524898 0.7430469018202726 0.06985655585660808 0.20172763605166183
2 0.7176789071699761 0.5638966109123302 0.08789614767057934 0.06964256175762476
3 0.7391864942342489 0.3923853237653117 0.11407794662978255 0.3013017387172289
1 0.7364267486452629 0.9228002494712747 0.1536716338757696 0.13396112602253182
3 0.811843907735803 0.7677239560560498 0.036709863183554604 0.22416492570596294
3 0.8432222190194782 0.4227979009623427 0.06622694482076028 0.2515457796251711
6 0.1785290394638658 0.8932655813536661 0.10572545680654795 0.14192673871722902
1 0.20388640208159345 0.4691377595669115 0.05095606965141819 0.138772994985435
1 0.22178431026762233 0.3366435083132703 0.05219102103089916 0.13256845909205772