3 0.6839911844149444 0.40076818579236057 0.05560410847155488 0.30109102773541674
3 0.6340570320659467 0.48479900009690924 0.0703391760351673 0.6465126305089584
3 0.538903656439126 0.4924861731589232 0.14400399656828072 0.6560344072944446
3 0.46010270651826823 0.5248096703091315 0.040979318817253765 0.33510235182361114
5 0.44883859758449507 0.5407074272429858 0.041649257059629005 0.2508000870059721
3 0.42320210009177756 0.5194143087018747 0.02784282132453626 0.3129364110941667
1 0.9630986405375014 0.7773436439048951 0.03315949247815268 0.06635235182361114
3 0.9517626722742435 0.6564317318607978 0.026694195302004432 0.16613414627652787
3 0.21405545447320423 0.23658754416857622 0.01973348997087019 0.08790004350298615
1 0.8702375391255757 0.7294711479889576 0.07442098997087002 0.08917290919430557
3 0.8031252808123053 0.4918088002494091 0.0347747829238763 0.3365193814588888
3 0.7564859615328332 0.4741316441892355 0.08150399656828071 0.6545797036472223