2 0.6715648306287503 0.49958156678883653 0.011602741224511348 0.07721806386197053
3 0.463096764252272 0.40266763400500166 0.9152257787007343 0.7469813488181742
2 0.40643392412311724 0.5547653655676699 0.02501934969606623 0.3775458457929556
1 0.39897781063699755 0.8110153655676697 0.3520458847980207 0.09478688418022863
2 0.3273889332943173 0.48466566903808006 0.014955061757624755 0.08524908514929379
2 0.3219990881505977 0.5895170600035726 0.01742684389007838 0.1166083457929556
2 0.2617150868304494 0.11580069057750504 0.015790136051661907 0.060358345792955605
2 0.2528927016367174 0.3386208315429976 0.010722202823851567 0.10054630321830871
2 0.1670651987337235 0.4748257653352388 0.022980791237146646 0.5754370425746469
2 0.15976247875460606 0.2702857308063635 0.013057592636437177 0.12721806386197043
2 0.07212712028305128 0.5758033933112812 0.015421726180816586 0.20846806386197053
2 0.07291569662215244 0.3075450662077589 0.007886707838416518 0.05668704257464689
2 0.02356393665952958 0.6906907019774714 0.014454956584775285 0.0680615851492938
1 0.004912191211876096 0.8674388722760593 0.009824382423752193 0.05218521287323483
2 0.884229966680412 0.4254563798945024 0.0460258346523716 0.5099977128732347
2 0.8470769591585647 0.36256289598604574 0.014682277117888987 0.07587408514929388
2 0.8392584474800824 0.4169061885606927 0.01223923871722903 0.09909306386197052
2 0.8337776741231174 0.5248825795261853 0.011830061757624577 0.08503056386197053
2 0.8286237905122309 0.1393110662846335 0.048420779625170954 0.056402819309852026
2 0.7828793814993154 0.15732337495082382 0.012983384798020659 0.07107732450563216
2 0.7768674107287751 0.2567606462381473 0.013119777117888632 0.07576482450563216
2 0.7700765384671667 0.43655740688180894 0.021444405647703134 0.20109260643661742
2 0.7589668568887091 0.2556733936402572 0.018261918184115444 0.09171760643661733
1 0.7382903632234223 0.7787120558930732 0.03669366943775678 0.08209123416055811
2 0.7443431010827213 0.517102566536735 0.015620302982136281 0.16170232450563216
2 0.7350556469387216 0.13961670490433759 0.01953491316955045 0.13546760643661737
2 0.7278555977175091 0.33347596554799935 0.017773836368231065 0.18212408514929387
2 0.7016220551602143 0.43120862520292536 0.022286806280841454 0.4444055638619705