2 0.5394052086250929 0.2682819263275471 0.076018154678545 0.09274451089576327
2 0.4782858952896384 0.2881680914303547 0.08493862133990877 0.05433757475773371
3 0.7189108952896384 0.27134195230644753 0.31947725334181776 0.08478917130699397
3 0.2771501092855022 0.33267683414088767 0.24573067067154514 0.05309142105489233
2 0.5219080786123661 0.3631791630859953 0.09171588001272664 0.1000871173323806
3 0.6788938752785025 0.35610471839799096 0.20781359468490823 0.14879740496334906
3 0.2889768526018666 0.45674811866976295 0.2723840773392725 0.0627613519971419
3 0.6589529979312758 0.45975959612193174 0.21362724267981753 0.11173444753799586
2 0.5190001599300033 0.47891342372965706 0.10741360534690844 0.10742972376899793
2 0.4526751785885036 0.5436586207634498 0.09967383068109026 0.11313342055068923
3 0.6924462032543218 0.5331371119613737 0.37111247867599956 0.09464477254783113
3 0.26097802725177643 0.5820430496120125 0.22296588001272663 0.10926501139996639
2 0.5375945239099587 0.6251492853620545 0.13045111600890866 0.07469363342392406
2 0.4413735045751405 0.6428063149472513 0.10708634134309047 0.07930472376899793
3 0.2637479439051862 0.679426148002858 0.22536362667090887 0.04698353268728983
3 0.6854411305697317 0.6655507742141896 0.37569089067472705 0.08559755447881638
3 0.5083877345640048 0.7200847269479658 0.4629363520050907 0.06984115052387345
3 0.2829968358927777 0.7694120096352556 0.23775453866963625 0.0384826178365838
2 0.5014377532225052 0.7806780195226126 0.11228291868236298 0.12338250569998302
3 0.691871849220278 0.7837544709958809 0.33237724267981755 0.12003825645628793
1 0.08012582721995976 0.8288737629894503 0.1571772480108177 0.09061356436617345
6 0.1261165099856825 0.0965640075415686 0.15777723201781738 0.1421760643661735
1 0.722028446650228 0.0705060719846167 0.15218066534054522 0.06372328243518828
2 0.4761977786441829 0.13219124303950908 0.11133748933799978 0.04213250569998319
3 0.2700926819700923 0.20124651768102725 0.22223862667090888 0.04676501139996638
2 0.5465642753023651 0.18971988375290014 0.09146134134309047 0.07821211733238065
3 0.7400597366327288 0.198046563938845 0.30385225334181776 0.0836965648703766
2 0.44785405529918343 0.22004080430358944 0.11671588001272663 0.10183528763096845
3 0.2600358819621381 0.2604958315429976 0.20199885200509068 0.05159462303236388