3 0.32068485385270123 0.47109478150363104 0.09564070440669728 0.7154971963664577
2 0.41526288261994254 0.6802946961972799 0.032547041699364954 0.26141573212215263
2 0.40997467438581464 0.47163717331846255 0.05198370031656907 0.12582891848667063
3 0.41758390056663125 0.679322127560828 0.05777436223247854 0.27126896424430524
3 0.43494827916295276 0.3341213268022236 0.10793949828414036 0.33459788273097574
3 0.5161577928864993 0.6759742448298522 0.0433936134861197 0.2591835524255945
3 0.5080986226573198 0.2913441533145832 0.07137752414838783 0.4173467387901123
3 0.5590761009497074 0.3208564390702781 0.06597931881725376 0.33896664727484327
3 0.5730610107540457 0.6400050517973744 0.04645642900466811 0.31087359818322896
5 0.6309968458686355 0.8279197689166174 0.13248955423577727 0.16045875212603206
3 0.666451994918928 0.45853216906639876 0.037655742015934204 0.3834182778797871
2 0.6872692971096415 0.31274143694424617 0.043740605964272206 0.3246810066679598
3 0.693277604710631 0.2770112310348908 0.06512752414838782 0.41683655575957423
2 0.7132995658477529 0.6152446836102664 0.038933434019233104 0.26661341515269077
1 0.7658803112288994 0.8075120608812302 0.1663189849563052 0.14451475879399175
2 0.7683053145941117 0.6217180820930576 0.04214936223247854 0.2699935066679597
3 0.7829084060434146 0.2892723728497223 0.10357024703049902 0.3451527454580722
2 0.823796796647423 0.6179714576970315 0.024734541699364954 0.2607780033339798
6 0.20308479453585196 0.843272283629663 0.11154055674305985 0.1369256572767828
1 0.23840223660565787 0.253843250748906 0.10322795157021032 0.11910042848861027
3 0.25756272822588067 0.48172913468782974 0.04061560596427229 0.3244259151526906