2 0.6112450095661657 0.392884802637231 0.020422626070649662 0.28881112772394085
2 0.5585638745185255 0.7158963317182245 0.018951029661445774 0.30432686708027906
2 0.4808035306434045 0.3790740388914761 0.026381734580101936 0.23924817029858775
2 0.4664400070320829 0.6985124537421823 0.061193071815923615 0.31665190445914587
1 0.38126765983731215 0.15796422737529422 0.1507090480082102 0.13236402179152656
2 0.32444899151398887 0.3861167245253026 0.023665800738684694 0.30934214901126433
2 0.25969614510478506 0.36595740781334063 0.018769222479853465 0.27307686708027906
5 0.23117675624651596 0.16310020558376764 0.10852154800821019 0.1294139844126597
3 0.16857519965409878 0.5792061708027909 0.021086222283461752 0.40287362772394086
1 0.13736312373295861 0.16748206696406354 0.08483860831306052 0.08558757475773371
2 0.12141034992524524 0.35706909084927707 0.029743083916171954 0.2800916915859112
1 0.09420593784843793 0.7342271705506892 0.04601349941082482 0.3921217980225286
6 0.8043551810127468 0.24773011180762441 0.0820772226762454 0.14786905347041027
1 0.7681474318965096 0.829029388290728 0.06777837334017534 0.1062607076774544
2 0.7231728378249969 0.3647594386590451 0.029524915298261158 0.2425916915859112
2 0.7078462570320829 0.7153932231879203 0.06922374043383428 0.35469820767745475