3 0.484280858268733 0.26511649316286234 0.7141812183831673 0.132905773966079
2 0.26221728871354644 0.37106283059524553 0.2609770727943891 0.04617259576733286
2 0.4707609739387218 0.3548167219510351 0.12497901603912887 0.05838606909549373
3 0.26284834438907245 0.37334280771642825 0.2703916455887783 0.07181032455550555
3 0.6040648272702093 0.37269026391564775 0.33287066162790724 0.1250945633456179
3 0.25185268276116524 0.4721629449893318 0.2585529796419344 0.05685500425206378
3 0.6360274236618666 0.44391168861123614 0.41630492288667414 0.09304708001551738
3 0.5992295280730883 0.49665392240037864 0.33797966378737565 0.08354479213379058
3 0.27939788942414034 0.5274245298366411 0.31021560919158364 0.06262651425400349
5 0.08385604951088807 0.595456408025689 0.1582106230712443 0.14036939273291543
3 0.4465272277962331 0.6117044507392077 0.3829522023440385 0.05768366486282659
2 0.588675155001844 0.6249702410368305 0.32407785009228507 0.060649426072714265
3 0.623380822028422 0.6291317114900534 0.41590440468807693 0.08679708001551738
2 0.2836674799557014 0.6669653908967476 0.2660650909929864 0.05280523304023639
1 0.08456984346622179 0.7298473834798818 0.1416634731635294 0.17321384364130096
2 0.2692254457179752 0.7225457112001893 0.26939035009228507 0.05618532455550564
3 0.5981421876984108 0.7197885334604851 0.3435077729789594 0.12129988364905966
2 0.2648895967054243 0.7780782340790066 0.26047642504614255 0.03836009576733286
6 0.1307727313399774 0.1665183360552573 0.13503393892580315 0.11827125212603189
1 0.7125746414267251 0.1710961998211238 0.11734579117755643 0.109055748792052
3 0.48286735502953054 0.2022816533145832 0.3238775909929865 0.05752442607271426