3 0.6487603925592501 0.48915319236549715 0.11033940458403499 0.7152625357138149
2 0.5947169056428425 0.41000543465485945 0.061710315700311116 0.09473184740221222
3 0.5645079479479789 0.6198480389569305 0.05548967875566859 0.20232615909060953
3 0.5728026502399963 0.2625986006453278 0.08003465244730919 0.19495003571381497
2 0.5459084083442656 0.48266563879477475 0.10934417889684286 0.05497960064862308
3 0.5073100979762136 0.6485673283241935 0.08309801024099492 0.3011454886359143
3 0.4558903530967113 0.4975172970746054 0.06325740514873246 0.1212943474022122
3 0.4588766581325041 0.258263882301953 0.09961911035393456 0.18280459172016936
3 0.41798155844308765 0.5844445527566483 0.003307010523343834 0.0031795470779005797
2 0.41387715834426564 0.480361024753471 0.06061825256024882 0.07598184740221221
3 0.3896521611162759 0.6277445393639677 0.05812883134415214 0.24763865909060953
2 0.3711428977503348 0.4084490685849609 0.08350972099021767 0.06701595048646744
3 0.36642384762327784 0.2746371302733581 0.06513769454068408 0.20717730032431153
3 0.3353503399425316 0.49932348457542924 0.0867859104104042 0.12326595048646745
3 0.3127451107774575 0.2697899431795714 0.06771666297065301 0.1978568474022122
2 0.27491263985782705 0.40911549593951496 0.10445925782192056 0.07830800649282174
3 0.2566716030967112 0.49403992085843706 0.07575740514873237 0.12151253571381489
3 0.2643454081325042 0.2548683267026357 0.0698097839891055 0.23379434740221222
3 0.18445642690129146 0.6194705689919979 0.06926375241907445 0.2244193474022122
2 0.175034466222656 0.4589870365245939 0.10546031570031093 0.09549550649282175
3 0.1290786821629633 0.6169398583592608 0.08118689974588618 0.2683329886359143
1 0.09746611916407547 0.7837455288139561 0.05418624203690507 0.07274775324641088
1 0.12786187656247305 0.2618705288139561 0.06818564178279125 0.3399079797074605
6 0.7861209685711432 0.17169473132572305 0.11472889988706055 0.12063187418757346
1 0.746054808584262 0.7387595004004466 0.05717400512049746 0.1508454797074606
3 0.7030537794333054 0.5237287897677094 0.0640581258566014 0.48343979139585774