3 0.56875 0.26003682553277035 0.25625 0.11342949344127931
3 0.29296875 0.3526149084131715 0.23125 0.04805679895920321
2 0.7328125 0.3475324242441463 0.15 0.11411116689245615
3 0.56875 0.37253682553277034 0.2 0.10891905585660826
3 0.30859375 0.46663978686187396 0.2125 0.06894915309764613
3 0.546875 0.46899574570458685 0.1375 0.0884560696514182
5 0.1578125 0.503448147331895 0.1421875 0.14182673111680746
2 0.45546875 0.49175489427967733 0.075 0.19768058344622813
3 0.3171875 0.5325956575086603 0.2140625 0.07371854025277606
2 0.78359375 0.5151835917024294 0.103125 0.10540455223856356
3 0.6 0.5271490824301752 0.221875 0.04756547602842467
3 0.615625 0.5732052108788778 0.253125 0.05701571913101979
3 0.31015625 0.6360891497067442 0.2328125 0.05595118611433314
3 0.30859375 0.697889786861874 0.23125 0.09961929895920321
2 0.74609375 0.6991801334255434 0.1625 0.11945376413349429
3 0.60234375 0.7121825016974807 0.19375 0.09452900723608923
1 0.7703125 0.8104108825210323 0.228125 0.060393024648943694
1 0.2234375 0.8461026368164454 0.2328125 0.07157618611433278
1 0.446875 0.14689277363289097 0.40625 0.07129066033373546
6 0.1515625 0.18580694595241407 0.1125 0.10433337516934213
1 0.6453125 0.18102435493141247 0.1828125 0.05801829715018094
1 0.334375 0.2051323988022331 0.2453125 0.04723128335537101