3 0.7486347579567292 0.31437299210316405 0.2702045066836355 0.12656354176169424
3 0.75426604527373 0.4346445854873058 0.2636454240133631 0.09996468032537571
1 0.07201607192873055 0.5245454820460191 0.05312718936981651 0.2690408914905477
3 0.7577990305935943 0.5338360644100669 0.29916475334181775 0.06423625858420703
2 0.5343069865929579 0.5398234857584523 0.14172025875235975 0.632031770880847
2 0.22285131858691276 0.5861637172152963 0.12133174936345315 0.22256586729005096
3 0.7339064499125041 0.6402178746167214 0.2285977146721816 0.04195219242562409
3 0.6910371499045498 0.699057064311871 0.16015679734245403 0.06811471662612086
1 0.1220775172263231 0.7875176598373121 0.12676358935390813 0.15228972872636923
3 0.6778638932209142 0.8241252420049682 0.13208634134309047 0.07263859016268803
6 0.15432277864418284 0.16471596409203823 0.11973179201145401 0.08506586729005097
1 0.7492443799729558 0.19484628728270387 0.1426965773392725 0.04457722267624522