2 0.37513801949652453 0.2501325169619796 0.028885707058258703 0.17600129549649318
2 0.3728973228112281 0.44546480335917416 0.034592178013964595 0.2307889250461425
3 0.4245190223963096 0.4479878284976018 0.2999196734637943 0.8184448210963462
2 0.5572308983217484 0.7893509130121832 0.020409433613041907 0.12570090684754529
3 0.6226013248858205 0.4653917813030656 0.20115028674118599 0.7872367890180882
3 0.722542125300739 0.4725813224806221 0.12027879503955567 0.7665051819859728
3 0.8013891757156575 0.4784191147379128 0.15394340001857748 0.7593330320782579
2 0.8243423462564448 0.4241519193337047 0.02545213112353082 0.13068879549649318
2 0.8245404879534307 0.597659270505724 0.04223965726804017 0.27015181369509056
6 0.10075391014460319 0.8770700470376529 0.12533373195336797 0.13553458667404997
3 0.1907308211608429 0.052259814156515816 0.024242983403260476 0.032651813695090494
1 0.18824167074128 0.24051078577888574 0.11392448050347545 0.2312080320782579
3 0.2542065223963096 0.43707370758582575 0.1394557701444464 0.814381477482466