3 0.27192551327151077 0.7238347526257292 0.03691104547482595 0.21595226400381798
3 0.29096992091334606 0.37143645862509284 0.04637888737588014 0.2566681706715451
3 0.34073249897423574 0.39584556528486586 0.07540054250907655 0.2023442973424542
3 0.36856043273916306 0.7094353506126844 0.05151205634924096 0.2676602146721816
2 0.4367983685556188 0.22293422927277548 0.06233285672980173 0.11161020934118149
3 0.42431568422203786 0.701758663271821 0.04200972235685221 0.26442612667090903
3 0.4508715029285685 0.3758228719366847 0.08499571840251949 0.24618520401018137
2 0.5044196086697872 0.26900015993000326 0.07014535672980174 0.11170111600890867
3 0.48742317927912193 0.7244507285964578 0.04755938539871387 0.2473113520050907
2 0.5090302183281574 0.5391308465945487 0.11545785672980173 0.11222837468172671
3 0.5334678497353574 0.7059547199236398 0.04073638243296429 0.23317612667090906
3 0.5580154994685274 0.3909746099220491 0.05633220752810466 0.19431362133990876
2 0.5969081976050917 0.2413740519175947 0.13965936068413445 0.13125109468490823
3 0.6110914199247629 0.37239678524827663 0.05253604547482595 0.2161340773392725
5 0.6014100834237351 0.7824712192473221 0.11376270555093822 0.18561133068109043
3 0.6603910829666246 0.38900248257482245 0.06465404349765969 0.20690452800763603
3 0.6945326837277463 0.700957042568459 0.045105547451992224 0.22541817067154532
3 0.7284062539171516 0.3679081852323683 0.06930705140632512 0.24444089067472685
2 0.7342066318643107 0.551347393897232 0.09501802273741297 0.10886701734563572
2 0.7550973823957833 0.15363659989659567 0.16599636760421674 0.16435449602163538
3 0.7678746832334546 0.7024462698918231 0.04379771543676991 0.2316499893379998
3 0.8146196906478285 0.6667627612190052 0.0381498933073793 0.28468408267027245
3 0.8405388393924152 0.35645196988386896 0.05942271543677009 0.23183180267345432
1 0.8801836126241198 0.24588663987909648 0.06439937551288182 0.20065452800763603
1 0.8766037430055558 0.8128468732097784 0.1003023834215476 0.23855451734563574
6 0.17909473163684916 0.8748438166375013 0.10327619171077376 0.11989542401336309
1 0.19729422228249008 0.5240171133036378 0.07218270060802232 0.16170111600890866
1 0.23224086114124504 0.2604540526336833 0.071800698630856 0.15232611600890866