3 0.6179439904661712 0.2877653719784789 0.6786012043538365 0.1306291423559771
2 0.5950446930059091 0.3489402939175892 0.7791071466419555 0.059831164104806954
2 0.4644221755827139 0.3722570715979181 0.14744048439090332 0.06685853064607841
2 0.8157490626060225 0.3735888309522772 0.11133929328391083 0.06070668973360736
3 0.6186136569783924 0.46376945646515927 0.6946279976377472 0.1874521453217266
1 0.8598313569862416 0.022859319089279073 0.19171627404661712 0.03901737353571576
3 0.6003770668671917 0.591255127909978 0.3451686562606021 0.05463173916276602
3 0.6032317375557643 0.6505982944118808 0.2446230192372937 0.03493205140632512
1 0.8849231262235353 0.046872480648266004 0.10550595553496293 0.027703188745024233
3 0.33899316668185725 0.8131433512554131 0.1306696466419554 0.03340936068413427
1 0.8748140054422956 0.09344373311972395 0.07076885698624161 0.06061384783255323
3 0.48915924763774726 0.13967006467783585 0.18859127404661713 0.03889003954332697
2 0.6756696665122213 0.14849994213070325 0.10530754809323425 0.06670202174882985
3 0.6170412001774852 0.19470112148418733 0.6812896947351896 0.11825647634836592
2 0.9456299916472976 0.1946123022833651 0.07242063702330839 0.018553681824942013
2 0.6293427927357567 0.23331795251082657 0.7137004014512789 0.06340715026464246
2 0.5921156112474109 0.242658460419492 0.08746528366526399 0.04725168479069151
2 0.6139732530800429 0.26367395597086773 0.09727679328391084 0.06013368676785795