2 0.5288882536501527 0.37528280842967127 0.1692136501621558 0.03245537985173241
2 0.6241286156628615 0.41920891242068803 0.07845228246740418 0.021478185116542824
3 0.5736201010523649 0.43306059209493525 0.8008375714276299 0.16538205189106742
3 0.5767508295420095 0.5229589057972661 0.5551238766232054 0.04437011432745379
2 0.7868349415547183 0.5708954419096008 0.16277273538950343 0.021299625042409075
3 0.5793048595737816 0.6245486876484315 0.7777819009729348 0.18643859635610446
2 0.29747816111590913 0.6264186893777121 0.07058523538950343 0.018080366604888452
3 0.5830901529982342 0.7519470013507623 0.7528989034085667 0.10280764082114154
3 0.5701322313257231 0.8147371780297845 0.36935001785690746 0.04725203375008178
3 0.5702510081110843 0.8662723961786192 0.3441863766232055 0.03700401451278808
3 0.2627930641174387 0.8758358468194407 0.10199887662320543 0.028546640651505584
6 0.11883754910649555 0.0986235276748142 0.12392051542127547 0.12144346878180676
3 0.9222352844959989 0.1422942706728741 0.0347295560063543 0.02151290145127884
1 0.6836364346581547 0.1605085242162531 0.18633869480442442 0.11893851687504098
3 0.3218864569792891 0.1908184952754946 0.31595228246740403 0.029771867870832837
3 0.5718649119299833 0.28777537394610064 0.8177523360381265 0.15035725261670674