2 0.30265806228073994 0.3139365962347737 0.15376166996194396 0.025437695865633447
2 0.6032085020143474 0.4422861458933201 0.10844916996194395 0.022533938925803198
2 0.45027450300293054 0.4371609500276866 0.15844916996194397 0.025738084514581417
2 0.2974678379839025 0.43516075416205313 0.09457767095052709 0.02632027297895938
1 0.8624627796946761 0.5898071977113347 0.08269838935304677 0.2702309592838688
3 0.48203125 0.56640625 0.7109375 0.8640625
2 0.3589504605310351 0.6245527236249547 0.2979573389353046 0.045587114433370955
2 0.3615462199225753 0.6691340383997794 0.20038200197716635 0.022191582355113048
2 0.6752187421656967 0.794428439230345 0.06894100098858331 0.009093200184570095
2 0.5200020015572369 0.828896669490588 0.08163200197716627 0.014581736581764915
2 0.5777654220134723 0.8505201480527884 0.3225116699619438 0.036251687227760246
2 0.7758819284392631 0.8936052213086029 0.13839133794672148 0.030686400369140186
2 0.6375197653974013 0.9018811913898134 0.09920150395433272 0.025058161627907083
1 0.9078125 0.99140625 0.053125 0.0140625
2 0.6225965360832859 0.21054479256183253 0.12876166996194377 0.023835623071244337
2 0.33456995406806345 0.19832089065153274 0.30038200197716636 0.028599873532669663
1 0.8308202129653119 0.272199393115543 0.08759284190105418 0.04613212523071262
2 0.5281063898473382 0.3011116309339253 0.09763900395433271 0.02495803207825791