2 0.33292912999868746 0.6379305968013618 0.030013741139932472 0.3542176064366174
2 0.34342498372555863 0.34107737613445693 0.023201372547132594 0.1870301064366174
2 0.3651579926599883 0.7788505277436113 0.02386190022746142 0.31795232450563216
2 0.39922392794497136 0.8692623602950151 0.021418696653689652 0.14328010643661743
2 0.42611935037837323 0.8984089109154336 0.015938017794497127 0.08524908514929379
2 0.4632652288198239 0.7202728392597931 0.012940351786885884 0.08815556386197052
2 0.49648624710861256 0.8090675414893662 0.015683349809719617 0.0789990851492938
2 0.4928890618236295 0.7207862914893661 0.015301347832553347 0.06962408514929379
3 0.5302697036109529 0.6057675788682331 0.9127704803026985 0.7587165243125421
2 0.5293982703031361 0.5270252198337256 0.013577021748829844 0.10378056386197035
1 0.5678307816346615 0.18927920139639376 0.27630251482874757 0.08943311264080363
2 0.5920733893530465 0.30626995944216545 0.010359179847775657 0.0630463032183087
2 0.6493340158916929 0.9085644329590619 0.01817167984777566 0.06359260643661742
2 0.7768754481737454 0.597304140888618 0.022015557337824277 0.2726398245056322
2 0.8038982045995361 0.6295756915090367 0.015810683802108372 0.08212408514929379
2 0.9014297792003848 0.5951074923815568 0.03334828266042607 0.550764824505632
2 0.9296648671471062 0.6188945536456372 0.034552638401644485 0.6567963032183087
2 0.9662204269563883 0.9042364739442249 0.012813017794497483 0.08503056386197017
2 0.9624176532303921 0.7917911042660558 0.01969968775644091 0.10109260643661741
1 0.9548731838021084 0.14778973198999662 0.04903967787060921 0.056402819309852026
2 0.12048352672892675 0.5288130508725202 0.031130572166571734 0.34338936708027906
2 0.13642952030313613 0.49954616795279916 0.016574687756441088 0.10087408514929379
2 0.16965449167140512 0.7605054472858944 0.013067685779274729 0.09128056386197052
2 0.1757864279449714 0.8536380882513871 0.018108012851581277 0.06203010643661742
1 0.15572737106425785 0.18928601114786484 0.04211851581733077 0.07773151609154336
2 0.23884089037881076 0.6804298172161651 0.00681768577927464 0.09084352128732362