5 0.6716483413067534 0.6399577701245656 0.10005816162790708 0.10609024545807202
5 0.6406112014211878 0.26323564452059156 0.0959714389258032 0.1150826081851685
5 0.6299704973791064 0.09470762468589008 0.1122553778516064 0.18941524937178017
5 0.5784991186046493 0.6382355155826376 0.13012519586563337 0.1629460233378591
5 0.5530413502491686 0.28359568406930824 0.07519786397194572 0.13048446757828502
5 0.5318228940476188 0.07838891733906571 0.08741606415651582 0.15677783467813142
5 0.4819047208564028 0.6538920796771616 0.10256140036914019 0.1451527454580722
5 0.4406147941122172 0.46141740831555306 0.1233139913621267 0.17793329454968648
5 0.44187901449796946 0.07593340362869314 0.091863732262828 0.15186680725738627
5 0.41482995142118784 0.28166600649878193 0.10083821406423077 0.1667726539428031
5 0.37867959130675344 0.663872599681041 0.12383562307124434 0.13756338606495558
5 0.35095151681432124 0.47806251650072157 0.10708821406423077 0.1672828369733413
5 0.35695330197489816 0.08121933847115327 0.06898743676633483 0.15484673879011235
5 0.2814703315891459 0.48295705271545836 0.09408756631598418 0.15844997091226495
5 0.9233094872000734 0.07012266415001786 0.10354171190476222 0.14024532830003572
5 0.2566028485511256 0.09490628635966887 0.11786502775932126 0.18981257271933774
5 0.2190704611387953 0.48649638302083975 0.09863536397194572 0.13239765394280312
5 0.18800452653192878 0.6802144321124542 0.10554669802510182 0.11897288273097573
5 0.19812331277223985 0.30401859393116504 0.10778912091177598 0.1782203369733412
5 0.13544643276116522 0.4816651039331047 0.0647214389258032 0.11253169303247787
5 0.15652250539867082 0.09519313537639269 0.0840908050572172 0.19038627075278539
5 0.10137541410114259 0.6616395174188054 0.07696062307124434 0.13373701333591956
5 0.10663671961978509 0.30060629363160263 0.09737325262089365 0.1369576081851685
5 0.864627583287189 0.6482970732990659 0.12583821406423076 0.16881338606495558
5 0.06587771900147625 0.11197409939117683 0.09937584361388008 0.16820760818516853
5 0.03069538209671383 0.6863841680276287 0.06139076419342766 0.1113518303053814
5 0.03667467304355772 0.3008771027251568 0.06073484577334841 0.12308655575957417
5 0.8260678400701359 0.24343397224089908 0.07968510487264702 0.12774210485118864
5 0.8313525246770024 0.08459955892437623 0.09586891424880087 0.16919911784875247
5 0.8045771645625679 0.4332617467867063 0.11516152991878954 0.14773561151914832
5 0.7653983413067534 0.6323050246664934 0.09863536397194572 0.13239765394280312