5 0.28359375 0.3247120550106682 0.09375 0.10609024545807211
5 0.3390625 0.7104899294066942 0.0890625 0.1150826081851685
5 0.3625 0.89296875 0.1 0.2109375
5 0.37734375 0.3417398004687403 0.1203125 0.1629460233378593
5 0.42578125 0.704287468955411 0.0671875 0.13048446757828494
5 0.46171875 0.9171875 0.0765625 0.1625
5 0.4734375 0.3417713645632642 0.09375 0.1451527454580721
5 0.52734375 0.5430466932016558 0.1125 0.17793329454968648
5 0.55234375 0.92734375 0.0828125 0.1421875
5 0.56484375 0.7289202913848845 0.090625 0.1667726539428031
5 0.5765625 0.3486268845671435 0.115625 0.13756338606495566
5 0.61640625 0.5409418013868242 0.096875 0.1672828369733413
5 0.63671875 0.93046875 0.0609375 0.1359375
5 0.6859375 0.547398837601561 0.084375 0.15844997091226495
5 0.06953125 0.8939570362147368 0.090625 0.20896015394280312
5 0.73671875 0.9234375 0.1078125 0.15
5 0.7484375 0.5540631679069424 0.090625 0.13239765394280312
5 0.7671875 0.3634062169985569 0.0984375 0.11897288273097573
5 0.78125 0.7418978788172677 0.096875 0.17822033697334128
5 0.8328125 0.5726693888192074 0.0578125 0.11253169303247787
5 0.83671875 0.93125 0.0734375 0.134375
5 0.85546875 0.39639380230490806 0.06875 0.13373701333591956
5 0.8734375 0.7603605785177052 0.0890625 0.13695760818516867
5 0.0890625 0.2846138581851685 0.115625 0.16881338606495558
5 0.9265625 0.9359375 0.090625 0.125
5 0.92890625 0.3836384529137312 0.0625 0.1113518303053814
5 0.94375 0.7715688876112594 0.053125 0.12308655575957417
5 0.15390625 0.7000632571270018 0.071875 0.12930460485118864
5 0.16171875 0.88671875 0.0828125 0.2234375
5 0.16328125 0.511766031672809 0.10625 0.14773561151914832
5 0.18984375 0.3170593095525961 0.090625 0.13239765394280312