5 0.7123428594914109 0.6859325823912691 0.09432269262201594 0.10007391233702041
5 0.6590921571068377 0.30565079302400616 0.08968973477649378 0.10936709172016937
5 0.6375267501963917 0.11854625933878611 0.0996919695529872 0.21734323295387142
5 0.6186474016458886 0.6781939947282896 0.12120335518980241 0.15522506249917623
5 0.5722961390546608 0.32044572443575003 0.06791472872636942 0.1261727621748646
5 0.5376949218393646 0.09445754038320801 0.07612720452587247 0.18891508076641603
5 0.5225081998504905 0.6876838173737354 0.0945499515990063 0.1391364123370204
5 0.4697473350945224 0.4917497544675221 0.1134817587805987 0.17071369480442442
5 0.4478420814802851 0.09451624432125243 0.08221357806243965 0.16704322402541769
5 0.43331090710683756 0.3095918194023303 0.09155221662612104 0.16095686525911965
5 0.41937410949141085 0.6910463709444579 0.11637040944452863 0.13014324188232518
5 0.3806302929400446 0.5026793461876915 0.09780221662612103 0.16106595941492116
5 0.36341708450534715 0.10458276542457079 0.060247674471643364 0.1510363944801129
5 0.31110358811958444 0.5031117686709816 0.08525676483072289 0.1530352711033185
5 0.9298187893258074 0.09852477009231621 0.09179765632127043 0.19704954018463242
5 0.2633852682485685 0.11179702191739256 0.10730448165323558 0.18310460064862313
5 0.24861267847866406 0.5026402102289953 0.09135222872636942 0.12658186525911966
5 0.22874456431187107 0.6951549926963994 0.09908291549465283 0.11265573295387146
5 0.21687738602959877 0.3180567045469524 0.0978658491396783 0.17200345941492098
5 0.1643058561717612 0.49239423133231364 0.0584397347764936 0.10882162094116268
5 0.1626676507621258 0.10261866517968947 0.07298402380771334 0.19187958279171563
5 0.14061330523668475 0.6709146976470934 0.06949540944452863 0.12932503571381487
5 0.12475351854315608 0.3087283433450224 0.08981699980360824 0.13124209172016937
5 0.906733208925677 0.7067557767919518 0.11655221662612121 0.16139324188232518
5 0.07275117788948886 0.11668689366933402 0.08999880698520064 0.16249209172016937
5 0.06706672092772933 0.6909465539777596 0.063118144417414 0.10734094155801373
5 0.054472834799934734 0.30448690259778777 0.053815867290050945 0.11967730032431163
5 0.8442756781840763 0.29773137865839094 0.0725840480082102 0.12312958279171564
5 0.8383625423508695 0.11021911079818814 0.08257719242562409 0.22043822159637627
5 0.8338007447354426 0.4869575198920929 0.107059041958086 0.14091710064862326
5 0.806092859491411 0.6842961700542487 0.09135222872636958 0.12658186525911966