0 0.5760505852820047 0.4859088648382981 0.20033373195336796 0.13256184612402783
0 0.5462731939860042 0.09294011483829816 0.2285305095477696 0.17533122758291686
0 0.6034483377808044 0.8578020486338884 0.1810150468904336 0.10403680262104195
0 0.5461817960652409 0.2776424231589232 0.16908373195336796 0.13183449430041677
0 0.3446309514591813 0.2721594086256247 0.21288035352912935 0.09230052203583358
0 0.3582640471141481 0.7515929886977428 0.2746466477202706 0.10465635809187504
0 0.33489924732392956 0.8460521567257636 0.2529133576783142 0.08543357940652782
0 0.19564530933798818 0.07214383767156235 0.2013275468904335 0.10450958130638906
0 0.20913300457339218 0.3637501094230554 0.14919636182749904 0.07522081838861121
0 0.22128149752442222 0.5653853446054165 0.2134490385920637 0.12038915444465292
0 0.22818453819107845 0.6771404621965971 0.23944285352912936 0.09291877108590292
0 0.20535865436825507 0.4585359325613193 0.20899833693238978 0.1234050516711113
0 0.21857735292765135 0.9325007626334374 0.13080155933798815 0.07947190729444457
0 0.872511188186434 0.4735302725139924 0.21581702199532415 0.15163915444465292
0 0.8532605902563821 0.281451875287534 0.2238663203356502 0.1549459924005557
0 0.882386786116486 0.665826875287534 0.20587333693238996 0.12333231648875013
0 0.8382714398368192 0.09397005908312431 0.22599750539858476 0.18307099240055574
0 0.89507973072719 0.8643189266743049 0.1990313410815748 0.11537434612402783