0 0.46463675526455733 0.5096218307598255 0.19137040944452863 0.1314523717519414
0 0.4669229805730811 0.9025905807598253 0.2166158491396784 0.17407624837514674
0 0.46325449980360833 0.13776046752930063 0.17401928298109545 0.10302736282348776
0 0.47991281820168624 0.7184610426103786 0.16012040944452863 0.13090690097293473
0 0.6807531555357038 0.7321219423654972 0.20675906010845857 0.09110010714144501
0 0.700623210477801 0.25361115868027717 0.26776019262201595 0.10310127516050809
0 0.7305465389330239 0.16039299268980875 0.2473386083130606 0.0839967191541537
0 0.8155286522160541 0.9375788299457511 0.19433178298109546 0.10338191882984234
0 0.8224270502477055 0.6463225844099781 0.1441681565176623 0.07438416558343128
0 0.8243793939264347 0.4448146314878788 0.20536018657189176 0.11919783360249454
0 0.825291933252242 0.33312315502682915 0.23332156010845856 0.09156375730360064
0 0.8328145835233884 0.5519822491826305 0.20069086729005114 0.1222410129856435
0 0.8527164547222643 0.07894021549741045 0.1254454275949012 0.07874438311602719
0 0.16779357152133595 0.5099086083592609 0.20554199375348406 0.15044783360249453
0 0.17359918568812893 0.7021779289761119 0.21337267447164326 0.15370920129724616
0 0.17136295735454296 0.31780292897611184 0.19756586729005093 0.12218646590774292
0 0.17547127877768304 0.889691565745587 0.21353630093507645 0.18183420129724617
0 0.17255223175143153 0.1194063392845374 0.19127041549465287 0.11426487175194149