0 0.9179205599538658 0.3291167632081876 0.14177151869827115 0.2344306386855446
0 0.6616251066200022 0.3360047519096406 0.1852851613621805 0.214627216024817
0 0.4247245432845476 0.35438422394177543 0.19297039202736244 0.20378062269254427
0 0.42312349124764026 0.6262410426082299 0.13027039735836254 0.1858658693507266
0 0.9081433812460495 0.6323144885423693 0.15875902402927125 0.21744313335454457
0 0.6666644059118677 0.6413735045751405 0.14453289202736244 0.2032170013526354
0 0.9163354998806874 0.8681247192075512 0.14636811203054378 0.22667268268618096
0 0.6795803872135965 0.8740041912396862 0.17581925469445317 0.2067056280235441
0 0.4130741398790965 0.8856978586091845 0.19311584269572607 0.216280622692544
0 0.9110909466502279 0.11047585120946024 0.1634101613621805 0.21437267735518079
0 0.41576026531668264 0.11780183394336623 0.158540848026726 0.19869313335454447
0 0.6751079933163645 0.11712748257482239 0.15567038669636232 0.22053177068745358