0 0.67109375 0.928125 0.2359375 0.140625
0 0.6639952480903595 0.6732611600890868 0.214627216024817 0.1852851613621805
0 0.6456157760582245 0.43636059675363237 0.20378062269254435 0.19297039202736244
0 0.37375895739177006 0.4347595447167249 0.1858658693507264 0.13027039735836254
0 0.3676855114576306 0.919779434715134 0.21744313335454457 0.15875902402927125
0 0.3586264954248594 0.6783004593809524 0.20321700135263548 0.14453289202736244
0 0.13125 0.9265625 0.228125 0.14375
0 0.12599580876031385 0.6912164406826811 0.20670562802354436 0.17581925469445317
0 0.11430214139081554 0.42471019334818116 0.21628062269254428 0.19311584269572588
0 0.8890625 0.91953125 0.215625 0.1578125
0 0.8821981660566337 0.4273963187857673 0.19869313335454458 0.158540848026726
0 0.8828725174251776 0.6867440467854491 0.22054995202099903 0.15723288669636232