0 0.904064543759279 0.3344804381430255 0.15126368611433277 0.233621541958086
0 0.6476098258714545 0.33987750703208286 0.19394915309764613 0.2135635720123153
0 0.41007220432015706 0.35687969643264494 0.20118844301173802 0.20267152380771333
0 0.3973863393275803 0.6287456060735653 0.1377876843053107 0.18512040944452862
0 0.8819284356641071 0.6376417995793441 0.167550427407906 0.2165340359079618
0 0.640194637043588 0.645296260057145 0.15275094301173803 0.20238972267624522
0 0.8805009752395145 0.8735156670657866 0.15554175033868417 0.22583631303532492
0 0.6436184509292551 0.8780178564663487 0.18416471732199752 0.20569652985783762
0 0.37676182157604143 0.8881615126894236 0.20184354025277598 0.21517152380771343
0 0.9061537454774442 0.11578498029750324 0.17207415309764612 0.21343630698520064
0 0.41075935832231447 0.12022912412574208 0.16656778154634874 0.19778403590796176
0 0.6700115275896199 0.12106387451852554 0.16458920171816516 0.21964085518980253