0 0.5307240202020427 0.43850365033323147 0.14145479852673154 0.19659251778268025
0 0.1377552702020427 0.4568064640203547 0.18539046882531945 0.22355743217453855
0 0.9026536505238735 0.42196454384203747 0.11212793144645232 0.17809507485477488
0 0.3231136159949983 0.4622815603818635 0.13926958565349698 0.16534251778268044
0 0.32699735870553126 0.6635358453280515 0.10192240496334906 0.210325377997928
0 0.8074878880386265 0.6638866782501063 0.11712107006615682 0.271772300247669
0 0.9033684705900302 0.6899889518237547 0.09695068169855432 0.25058650496239865
0 0.13321414373860962 0.8065902942518131 0.11354831981405518 0.1984075748547749
0 0.4252213272787492 0.8016115800265705 0.08192697921687966 0.14709763192686937
0 0.6270023485660726 0.7953486557099149 0.12993814431968714 0.21007282092583351
0 0.7388303592097344 0.7917077713018461 0.10377983590559836 0.236887877997928
0 0.5205174017843813 0.8081462162966663 0.13273536238870207 0.2055308701400449
0 0.975 0.80859375 0.046875 0.1296875
0 0.504495747906313 0.141883361458102 0.16118814431968734 0.21152831306795056
0 0.3126360298372982 0.15552213813212246 0.16485944753799595 0.21948636228216228
0 0.6970110298372982 0.13761958478408154 0.13251684110137862 0.20240587014004516
0 0.1251906601591291 0.16503634098482534 0.19298444753799598 0.22079630521006774
0 0.8956124208027909 0.13072095968163763 0.12426729852673155 0.1957919971045159