6 0.6806564668493406 0.3140741947633153 0.11094011284152785 0.1350022347764936
6 0.8080002168493406 0.31481505902830403 0.11875261284152785 0.13504768657189176
6 0.5721172682361114 0.31578616480728183 0.11417421561506949 0.13970791549465283
6 0.9331456872140628 0.3217922877546735 0.11413784802388918 0.1381454154946528
6 0.744177372243924 0.49254462840834073 0.12209581838861112 0.14444086729005096
6 0.20751317363069485 0.49176584006449203 0.1421173776591668 0.132059041958086
6 0.503501086909063 0.6567469872123806 0.12253222948277802 0.16319086729005097
6 0.946875 0.66171875 0.103125 0.1421875
6 0.35926404369041737 0.8363521530998168 0.12529355357097244 0.14758404800821018
6 0.6155140436904174 0.8378429719888743 0.12187761284152784 0.1350658672900508
6 0.49776349923750074 0.8465316498783629 0.12198671561506949 0.13975336729005078
6 0.518952634593021 0.14596856849627388 0.11399237765916688 0.13189541549465286
6 0.291027656344514 0.15323512607064965 0.1155548776591667 0.13190450585373242
6 0.405090156344514 0.15389872228346174 0.100075348023889 0.13806360226293632