6 0.6517492622331457 0.3140741947633153 0.11720891535490914 0.1350022347764936
6 0.7790930122331456 0.31481505902830403 0.12502141535490913 0.13504768657189176
6 0.542991621267653 0.31578616480728183 0.1206616972858944 0.13970791549465283
6 0.9036559696584987 0.3217922877546735 0.1205524366422324 0.1381454154946528
6 0.6986685488557078 0.49254462840834073 0.12880197921687966 0.14444086729005096
6 0.16178590789021519 0.49176584006449203 0.14824039406758574 0.132059041958086
6 0.4425556706275639 0.6567469872123806 0.13011310694082034 0.16319086729005097
6 0.8939542796620714 0.66171785098639 0.12534919728589458 0.13973518657189174
6 0.28149856628463354 0.8363521530998168 0.1321455005042031 0.14758404800821018
6 0.5377485662846334 0.8378429719888743 0.12814641535490914 0.1350658672900508
6 0.4191242524226631 0.8465316498783629 0.1284741972858944 0.13975336729005078
6 0.5056276511049512 0.14596856849627388 0.12011539406758569 0.13189541549465286
6 0.27690171756481174 0.15323512607064965 0.1216778940675857 0.13190450585373242
6 0.3909642175648117 0.15389872228346174 0.10648993664223268 0.13806360226293632