6 0.29113615031058354 0.3319762974816425 0.14065436305535756 0.11015802434972918
6 0.29855307913683926 0.20463254748164247 0.1411093893637168 0.11797052434972928
6 0.28715503462439 0.440610957790068 0.1455238735787013 0.11336484496658024
6 0.31208350007058716 0.07974164163744385 0.1439613735787013 0.11333757142762993
6 0.4727193502541138 0.27571048092198125 0.15066639988706054 0.12125916558343128
6 0.4438027928698337 0.8124701412304066 0.13934946828879458 0.14135347727182862
6 0.6241020268024695 0.5231327260507174 0.16941639988706053 0.12158644805083547
6 0.6527462974256337 0.07161113635914279 0.14579688936371688 0.11805234496658026
6 0.7959252769436438 0.6747203197994815 0.1539734104104042 0.12443871266133186
6 0.810850139857827 0.41847031979948157 0.14129139988706071 0.12109552434972919
6 0.8133542426016025 0.5366027110331836 0.14597889988706036 0.12117734496658024
6 0.1147571188817268 0.48687052881395604 0.13771137357870128 0.11322847727182861
6 0.11006410067763683 0.7151455332781829 0.13789338410204496 0.11635347727182861
6 0.1167074847796818 0.601083033278183 0.14314232622365464 0.09927507142762995