3 0.383102 0.161314 0.407407 0.0402199
2 0.720872 0.510417 0.0790895 0.0353009
2 0.802276 0.644531 0.0752315 0.0217014
3 0.576775 0.118345 0.776235 0.072338
2 0.87037 0.168837 0.025463 0.0598958
2 0.452161 0.84375 0.0964506 0.0167824
3 0.568094 0.337963 0.760417 0.0966435
3 0.562114 0.539931 0.766204 0.099537
3 0.571181 0.24349 0.782793 0.0842014
3 0.551119 0.789786 0.749614 0.0911458
3 0.567708 0.439959 0.769676 0.0876736
3 0.556327 0.91276 0.752315 0.0870949
3 0.547068 0.678241 0.811728 0.131944
