2 0.372656 0.505556 0.0317708 0.0666667
2 0.777865 0.839352 0.0390625 0.0916667
2 0.495052 0.784259 0.0359375 0.0740741
2 0.65625 0.788426 0.0479167 0.0898148
2 0.591406 0.465741 0.0421875 0.0722222
2 0.597135 0.812963 0.0463542 0.138889
2 0.722396 0.834259 0.0635417 0.127778
2 0.807292 0.443981 0.0447917 0.062037
5 0.340625 0.252778 0.0708333 0.151852
3 0.41276 0.365278 0.0307292 0.328704
1 0.367448 0.873148 0.0942708 0.164815
3 0.686979 0.665741 0.034375 0.233333
2 0.529427 0.833796 0.0255208 0.0898148
3 0.585938 0.703704 0.0354167 0.305556
3 0.654427 0.309722 0.0265625 0.258333
3 0.361458 0.694907 0.0541667 0.247222
3 0.815625 0.308333 0.025 0.262963
3 0.688542 0.308333 0.028125 0.259259
3 0.722656 0.693056 0.0567708 0.278704
3 0.640365 0.658796 0.0598958 0.210185
3 0.791667 0.704167 0.08125 0.313889
3 0.736458 0.300463 0.0270833 0.247222
3 0.409375 0.706944 0.0427083 0.297222
3 0.588542 0.326852 0.0270833 0.281481
1 0.885938 0.785648 0.0541667 0.128704
6 0.908594 0.13287 0.0682292 0.14537
5 0.364062 0.877778 0.09375 0.175926
