2 0.501562 0.392593 0.0302083 0.0777778
2 0.694531 0.7875 0.0276042 0.0638889
3 0.41276 0.322685 0.0223958 0.339815
5 0.689844 0.465741 0.0307292 0.0833333
3 0.538281 0.54537 0.0526042 0.625926
2 0.677083 0.727315 0.0291667 0.0787037
3 0.594792 0.318981 0.0354167 0.347222
3 0.688281 0.295833 0.0244792 0.302778
5 0.341927 0.858796 0.120312 0.125
2 0.601562 0.46713 0.034375 0.0768519
3 0.586979 0.679167 0.0395833 0.326852
3 0.633073 0.6625 0.0473958 0.280556
3 0.729948 0.530556 0.0432292 0.683333
3 0.503125 0.264815 0.0239583 0.242593
3 0.502344 0.694444 0.0359375 0.342593
3 0.366927 0.685648 0.0640625 0.326852
1 0.885938 0.769907 0.0447917 0.106481
6 0.909896 0.122685 0.0760417 0.163889
3 0.790365 0.544444 0.0859375 0.731481
