3 0.108796 0.244531 0.0638889 0.0171875
3 0.463889 0.291927 0.0481481 0.0151042
3 0.448148 0.469792 0.0611111 0.0177083
3 0.752315 0.49401 0.0342593 0.0182292
3 0.306481 0.246615 0.0333333 0.0130208
3 0.749537 0.544792 0.0287037 0.015625
3 0.915741 0.320052 0.0518519 0.0192708
3 0.459722 0.561979 0.0416667 0.015625
3 0.769444 0.258594 0.0444444 0.0151042
3 0.455556 0.413021 0.0518519 0.0177083
3 0.911574 0.386979 0.0398148 0.0145833
3 0.35463 0.563802 0.0314815 0.0140625
3 0.911574 0.555729 0.037963 0.0135417
3 0.441204 0.532031 0.0583333 0.0151042
3 0.915741 0.240625 0.0703704 0.0177083
3 0.829167 0.239063 0.062037 0.0208333
3 0.839352 0.271354 0.0490741 0.0177083
3 0.281481 0.516406 0.0407407 0.0140625
3 0.818981 0.605729 0.0268519 0.0135417
3 0.0824074 0.631771 0.0574074 0.0114583
3 0.822222 0.452604 0.0259259 0.0177083
3 0.307407 0.291927 0.0351852 0.0119792
3 0.125 0.285417 0.0537037 0.0145833
3 0.755556 0.294792 0.0259259 0.0145833
3 0.739815 0.70599 0.0425926 0.0161458
3 0.30463 0.161458 0.488889 0.028125
3 0.37037 0.445312 0.0351852 0.0114583
3 0.350926 0.665625 0.0277778 0.0135417
3 0.756481 0.304948 0.0259259 0.0171875
3 0.0861111 0.59974 0.05 0.0140625
3 0.755093 0.471094 0.0398148 0.0161458
3 0.0861111 0.577344 0.0555556 0.0140625
3 0.349074 0.633333 0.0314815 0.0197917
3 0.350926 0.702083 0.0351852 0.01875
3 0.563889 0.415365 0.0574074 0.0140625
3 0.912963 0.261979 0.062963 0.01875
3 0.113889 0.31901 0.0555556 0.0151042
3 0.112963 0.342969 0.0555556 0.0140625
3 0.268056 0.611458 0.0287037 0.0166667
1 0.0944444 0.848177 0.131481 0.0296875
3 0.468056 0.253906 0.0472222 0.0151042
3 0.821759 0.623177 0.0287037 0.0151042
3 0.455556 0.446615 0.0425926 0.0151042
3 0.359722 0.427083 0.0453704 0.0135417
3 0.906482 0.333333 0.0425926 0.021875
3 0.55463 0.554167 0.0462963 0.0135417
3 0.37963 0.370052 0.0444444 0.0182292
3 0.305556 0.340625 0.037037 0.0125
3 0.353241 0.616927 0.0305556 0.0192708
3 0.910648 0.659896 0.0324074 0.0135417
3 0.462037 0.342187 0.0425926 0.0177083
3 0.446759 0.679427 0.037963 0.0151042
3 0.360648 0.480208 0.0416667 0.0145833
3 0.826389 0.641927 0.0342593 0.0140625
3 0.753241 0.478646 0.0416667 0.0177083
3 0.446296 0.697135 0.0407407 0.0182292
3 0.284259 0.580729 0.0333333 0.015625
3 0.0972222 0.505469 0.0703704 0.0182292
3 0.370833 0.457031 0.0398148 0.0140625
3 0.467593 0.272917 0.0444444 0.0135417
3 0.552778 0.544531 0.05 0.0171875
3 0.551389 0.484635 0.0546296 0.0161458
3 0.559259 0.403125 0.062963 0.0177083
3 0.458333 0.454167 0.0444444 0.0177083
3 0.350926 0.686719 0.0277778 0.0161458
3 0.551852 0.63099 0.0537037 0.0161458
3 0.550926 0.697917 0.0555556 0.0166667
3 0.113426 0.33151 0.0527778 0.0151042
3 0.568519 0.267708 0.0481481 0.0166667
3 0.0888889 0.54375 0.0611111 0.0145833
3 0.462963 0.278906 0.0537037 0.0151042
3 0.823611 0.657812 0.0305556 0.0145833
3 0.113889 0.304688 0.0574074 0.015625
3 0.286574 0.491406 0.037963 0.0140625
3 0.55 0.521615 0.0537037 0.0203125
3 0.552315 0.704427 0.0509259 0.0171875
3 0.4625 0.357552 0.0342593 0.0192708
3 0.906018 0.629167 0.0416667 0.0125
3 0.906482 0.619531 0.0425926 0.0161458
3 0.374537 0.242969 0.0435185 0.0192708
3 0.267593 0.66875 0.0296296 0.0135417
3 0.57037 0.257812 0.0425926 0.0177083
3 0.466667 0.395312 0.0388889 0.0208333
3 0.759259 0.266667 0.037037 0.015625
3 0.749074 0.640365 0.0314815 0.0161458
3 0.464815 0.311458 0.0351852 0.0166667
3 0.755556 0.453125 0.037037 0.0145833
3 0.549537 0.504687 0.0564815 0.01875
3 0.551852 0.658594 0.0481481 0.0130208
3 0.446296 0.704427 0.0444444 0.0192708
3 0.450463 0.492188 0.0490741 0.0135417
3 0.569907 0.585417 0.0509259 0.015625
3 0.284259 0.506771 0.0351852 0.0135417
3 0.821759 0.471354 0.025 0.0208333
3 0.463426 0.328125 0.0435185 0.01875
3 0.0851852 0.568229 0.0592593 0.0197917
3 0.111574 0.391146 0.062037 0.0145833
3 0.751852 0.621875 0.0296296 0.0166667
3 0.568056 0.283854 0.0509259 0.0177083
3 0.755556 0.430469 0.0314815 0.0130208
3 0.466204 0.384115 0.0342593 0.0161458
3 0.913889 0.455208 0.0388889 0.0145833
3 0.750463 0.559115 0.0287037 0.0192708
3 0.468056 0.244531 0.0546296 0.0151042
3 0.357407 0.49349 0.0351852 0.0151042
3 0.912037 0.392969 0.0425926 0.0151042
3 0.268056 0.599219 0.0324074 0.0140625
3 0.917593 0.678125 0.0407407 0.0166667
3 0.375926 0.342708 0.0351852 0.0135417
3 0.756019 0.444271 0.037963 0.0145833
3 0.108796 0.358073 0.0601852 0.0151042
3 0.286574 0.414844 0.0398148 0.0203125
3 0.3625 0.467969 0.0398148 0.0140625
3 0.15787 0.215885 0.134259 0.0171875
3 0.306019 0.309896 0.0361111 0.0135417
3 0.755093 0.323698 0.0287037 0.0223958
3 0.0787037 0.646094 0.0592593 0.0182292
3 0.748611 0.693229 0.0287037 0.0177083
3 0.914815 0.670833 0.0388889 0.0166667
3 0.0759259 0.702083 0.062963 0.0166667
3 0.752315 0.582812 0.0305556 0.0208333
3 0.912963 0.407031 0.0407407 0.0151042
3 0.823148 0.430208 0.0296296 0.015625
3 0.55 0.494271 0.0592593 0.01875
3 0.824074 0.630469 0.0314815 0.0151042
3 0.0912037 0.522396 0.0638889 0.0177083
3 0.103704 0.495052 0.0611111 0.0151042
3 0.823148 0.442708 0.0277778 0.0177083
3 0.748148 0.670313 0.0277778 0.0208333
3 0.287963 0.442969 0.0351852 0.0130208
3 0.306481 0.258333 0.0314815 0.01875
3 0.463889 0.369792 0.0314815 0.015625
3 0.81713 0.590885 0.0287037 0.0171875
3 0.752778 0.604427 0.0314815 0.0182292
3 0.111111 0.381771 0.0611111 0.015625
3 0.749074 0.658594 0.0296296 0.0171875
3 0.913426 0.470052 0.037963 0.0171875
3 0.749537 0.186198 0.291667 0.0369792
3 0.551389 0.643229 0.0509259 0.0145833
3 0.268519 0.685417 0.0333333 0.01875
3 0.911574 0.353125 0.037963 0.0145833
3 0.82037 0.677604 0.0314815 0.0145833
3 0.0861111 0.671875 0.0537037 0.0125
3 0.376389 0.332031 0.0342593 0.0171875
3 0.570833 0.292708 0.0527778 0.0177083
3 0.44537 0.669271 0.0407407 0.0145833
3 0.554167 0.608073 0.0601852 0.0151042
3 0.550463 0.530208 0.0527778 0.0208333
3 0.911574 0.540365 0.037963 0.0130208
3 0.751389 0.56849 0.0305556 0.0203125
3 0.116204 0.29401 0.0583333 0.0171875
3 0.753241 0.419531 0.0305556 0.0161458
3 0.751852 0.396615 0.0277778 0.0203125
3 0.451852 0.482292 0.0555556 0.0177083
3 0.0773148 0.68125 0.0583333 0.0177083
3 0.913889 0.441146 0.0425926 0.0177083
3 0.375463 0.258333 0.0361111 0.0208333
3 0.267593 0.702344 0.0388889 0.0192708
3 0.82037 0.480469 0.0259259 0.0255208
3 0.820833 0.304427 0.0268519 0.0151042
3 0.374537 0.296875 0.0342593 0.0135417
3 0.618981 0.229167 0.125 0.0166667
3 0.0898148 0.529948 0.0666667 0.0161458
3 0.351852 0.605729 0.0314815 0.015625
3 0.0856481 0.556771 0.0583333 0.01875
3 0.270833 0.645312 0.0324074 0.0166667
3 0.560648 0.592969 0.0694444 0.0140625
3 0.752778 0.593229 0.0314815 0.01875
3 0.287963 0.399219 0.0314815 0.0223958
3 0.355093 0.509896 0.0305556 0.0135417
3 0.751852 0.405729 0.0296296 0.0197917
3 0.751852 0.378906 0.0296296 0.0151042
3 0.161574 0.746094 0.123148 0.0161458
3 0.305556 0.33099 0.037037 0.0151042
3 0.287963 0.43099 0.0333333 0.0151042
3 0.376389 0.315365 0.0361111 0.0234375
3 0.461111 0.569531 0.0444444 0.0161458
3 0.463426 0.319792 0.0398148 0.01875
3 0.357407 0.409635 0.0425926 0.0192708
3 0.306481 0.280469 0.0351852 0.0161458
3 0.0837963 0.615625 0.0583333 0.0135417
3 0.289352 0.380208 0.0287037 0.0177083
3 0.75463 0.170573 0.312963 0.0244792
3 0.45 0.639323 0.0537037 0.0151042
3 0.555093 0.393229 0.0638889 0.01875
3 0.906944 0.604948 0.0398148 0.0182292
3 0.749537 0.63099 0.0324074 0.0161458
3 0.910648 0.595052 0.0398148 0.0151042
3 0.268056 0.653906 0.0305556 0.0151042
3 0.109259 0.369271 0.0574074 0.01875
3 0.46713 0.228646 0.0583333 0.015625
3 0.75 0.204688 0.262963 0.021875
3 0.287963 0.46276 0.0388889 0.0161458
3 0.464815 0.407031 0.0407407 0.0234375
3 0.306019 0.319271 0.037963 0.0177083
3 0.0865741 0.652604 0.0601852 0.0166667
3 0.752315 0.33151 0.0324074 0.0223958
3 0.352778 0.653646 0.0314815 0.0135417
3 0.285185 0.564583 0.0351852 0.0197917
3 0.751852 0.370052 0.0333333 0.0151042
3 0.751389 0.346094 0.0342593 0.0213542
3 0.375 0.280208 0.0333333 0.0177083
3 0.821296 0.669792 0.0314815 0.0145833
3 0.911574 0.579167 0.0416667 0.0145833
3 0.376389 0.270052 0.037963 0.0223958
3 0.35 0.693229 0.0314815 0.0177083
3 0.306019 0.26901 0.0342593 0.0203125
3 0.820833 0.31901 0.0268519 0.0171875
3 0.913426 0.421354 0.0435185 0.01875
1 0.839815 0.852865 0.116667 0.0369792
3 0.822685 0.414583 0.0342593 0.01875
3 0.822685 0.397396 0.0305556 0.0166667
3 0.82037 0.334115 0.0296296 0.0223958
3 0.354167 0.552344 0.0342593 0.0182292
3 0.911111 0.573438 0.0407407 0.0145833
3 0.911574 0.53125 0.037963 0.015625
3 0.550926 0.670833 0.0555556 0.015625
3 0.358796 0.417188 0.0490741 0.01875
3 0.911574 0.270052 0.062037 0.0223958
3 0.822222 0.351823 0.0351852 0.0140625
3 0.550463 0.617969 0.0564815 0.0182292
3 0.301389 0.219271 0.062037 0.015625
3 0.818981 0.497135 0.0268519 0.0223958
3 0.0837963 0.608073 0.0564815 0.0171875
3 0.912037 0.483333 0.0388889 0.0197917
3 0.816667 0.579167 0.0296296 0.021875
3 0.353241 0.53099 0.0361111 0.0192708
3 0.374537 0.30625 0.0342593 0.0177083
3 0.751389 0.354948 0.037963 0.0161458
3 0.910648 0.49349 0.0398148 0.0171875
3 0.909722 0.51849 0.0361111 0.0182292
3 0.268056 0.69375 0.037963 0.021875
3 0.815741 0.535417 0.0296296 0.01875
3 0.911111 0.340885 0.0388889 0.0182292
3 0.287037 0.477083 0.0407407 0.0177083
3 0.914352 0.43099 0.0472222 0.0203125
3 0.815741 0.517187 0.0277778 0.0208333
3 0.353241 0.54375 0.0361111 0.0197917
3 0.816667 0.555729 0.0296296 0.0197917
3 0.353704 0.642448 0.0314815 0.0182292
3 0.353241 0.519531 0.0324074 0.0151042
3 0.749537 0.678385 0.0287037 0.0182292
3 0.908796 0.507292 0.037963 0.0177083
3 0.266667 0.604688 0.0314815 0.0166667
3 0.822222 0.345313 0.0333333 0.01875
3 0.815741 0.569531 0.0296296 0.0213542
3 0.81713 0.507552 0.0287037 0.0203125
3 0.822222 0.40599 0.0351852 0.0192708
3 0.286574 0.407552 0.0342593 0.0203125
3 0.287037 0.469792 0.0407407 0.0197917
3 0.816204 0.544531 0.0305556 0.0192708
